-11 -22 -13 -24 -15 -21 -12 -23 -14 -25
-11 -22 -13 -24 -15 -21 -12 -23 -14 25
-11 -22 -13 -24 -15 -21 -12 -23 14 -25
-11 -22 -13 -24 -15 -21 -12 -23 14 25
-11 -22 -13 -24 -15 -21 -12 23 -14 -25
-11 -22 -13 -24 -15 -21 -12 23 -14 25
-11 -22 -13 -24 -15 -21 -12 23 14 -25
-11 -22 -13 -24 -15 -21 -12 23 14 25
-11 -22 -13 -24 -15 -21 12 -23 -14 -25
-11 -22 -13 -24 -15 -21 12 -23 -14 25
-11 -22 -13 -24 -15 -21 12 -23 14 -25
-11 -22 -13 -24 -15 -21 12 -23 14 25
-11 -22 -13 -24 -15 -21 12 23 -14 -25
-11 -22 -13 -24 -15 -21 12 23 -14 25
-11 -22 -13 -24 -15 -21 12 23 14 -25
-11 -22 -13 -24 -15 -21 12 23 14 25
-11 -22 -13 -24 -15 21 -12 -23 -14 -25
-11 -22 -13 -24 -15 21 -12 -23 -14 25
-11 -22 -13 -24 -15 21 -12 -23 14 -25
-11 -22 -13 -24 -15 21 -12 -23 14 25
-11 -22 -13 -24 -15 21 -12 23 -14 -25
-11 -22 -13 -24 -15 21 -12 23 -14 25
-11 -22 -13 -24 -15 21 -12 23 14 -25
-11 -22 -13 -24 -15 21 -12 23 14 25
-11 -22 -13 -24 -15 21 12 -23 -14 -25
-11 -22 -13 -24 -15 21 12 -23 -14 25
-11 -22 -13 -24 -15 21 12 -23 14 -25
-11 -22 -13 -24 -15 21 12 -23 14 25
-11 -22 -13 -24 -15 21 12 23 -14 -25
-11 -22 -13 -24 -15 21 12 23 -14 25
-11 -22 -13 -24 -15 21 12 23 14 -25
-11 -22 -13 -24 -15 21 12 23 14 25
-11 -22 -13 -24 15 -21 -12 -23 -14 -25
-11 -22 -13 -24 15 -21 -12 -23 -14 25
-11 -22 -13 -24 15 -21 -12 -23 14 -25
-11 -22 -13 -24 15 -21 -12 -23 14 25
-11 -22 -13 -24 15 -21 -12 23 -14 -25
-11 -22 -13 -24 15 -21 -12 23 -14 25
-11 -22 -13 -24 15 -21 -12 23 14 -25
-11 -22 -13 -24 15 -21 -12 23 14 25
-11 -22 -13 -24 15 -21 12 -23 -14 -25
-11 -22 -13 -24 15 -21 12 -23 -14 25
-11 -22 -13 -24 15 -21 12 -23 14 -25
-11 -22 -13 -24 15 -21 12 -23 14 25
-11 -22 -13 -24 15 -21 12 23 -14 -25
-11 -22 -13 -24 15 -21 12 23 -14 25
-11 -22 -13 -24 15 -21 12 23 14 -25
-11 -22 -13 -24 15 -21 12 23 14 25
-11 -22 -13 -24 15 21 -12 -23 -14 -25
-11 -22 -13 -24 15 21 -12 -23 -14 25
-11 -22 -13 -24 15 21 -12 -23 14 -25
-11 -22 -13 -24 15 21 -12 -23 14 25
-11 -22 -13 -24 15 21 -12 23 -14 -25
-11 -22 -13 -24 15 21 -12 23 -14 25
-11 -22 -13 -24 15 21 -12 23 14 -25
-11 -22 -13 -24 15 21 -12 23 14 25
-11 -22 -13 -24 15 21 12 -23 -14 -25
-11 -22 -13 -24 15 21 12 -23 -14 25
-11 -22 -13 -24 15 21 12 -23 14 -25
-11 -22 -13 -24 15 21 12 -23 14 25
-11 -22 -13 -24 15 21 12 23 -14 -25
-11 -22 -13 -24 15 21 12 23 -14 25
-11 -22 -13 -24 15 21 12 23 14 -25
-11 -22 -13 -24 15 21 12 23 14 25
-11 -22 -13 24 -15 -21 -12 -23 -14 -25
-11 -22 -13 24 -15 -21 -12 -23 -14 25
-11 -22 -13 24 -15 -21 -12 -23 14 -25
-11 -22 -13 24 -15 -21 -12 -23 14 25
-11 -22 -13 24 -15 -21 -12 23 -14 -25
-11 -22 -13 24 -15 -21 -12 23 -14 25
-11 -22 -13 24 -15 -21 -12 23 14 -25
-11 -22 -13 24 -15 -21 -12 23 14 25
-11 -22 -13 24 -15 -21 12 -23 -14 -25
-11 -22 -13 24 -15 -21 12 -23 -14 25
-11 -22 -13 24 -15 -21 12 -23 14 -25
-11 -22 -13 24 -15 -21 12 -23 14 25
-11 -22 -13 24 -15 -21 12 23 -14 -25
-11 -22 -13 24 -15 -21 12 23 -14 25
-11 -22 -13 24 -15 -21 12 23 14 -25
-11 -22 -13 24 -15 -21 12 23 14 25
-11 -22 -13 24 -15 21 -12 -23 -14 -25
-11 -22 -13 24 -15 21 -12 -23 -14 25
-11 -22 -13 24 -15 21 -12 -23 14 -25
-11 -22 -13 24 -15 21 -12 -23 14 25
-11 -22 -13 24 -15 21 -12 23 -14 -25
-11 -22 -13 24 -15 21 -12 23 -14 25
-11 -22 -13 24 -15 21 -12 23 14 -25
-11 -22 -13 24 -15 21 -12 23 14 25
-11 -22 -13 24 -15 21 12 -23 -14 -25
-11 -22 -13 24 -15 21 12 -23 -14 25
-11 -22 -13 24 -15 21 12 -23 14 -25
-11 -22 -13 24 -15 21 12 -23 14 25
-11 -22 -13 24 -15 21 12 23 -14 -25
-11 -22 -13 24 -15 21 12 23 -14 25
-11 -22 -13 24 -15 21 12 23 14 -25
-11 -22 -13 24 -15 21 12 23 14 25
-11 -22 -13 24 15 -21 -12 -23 -14 -25
-11 -22 -13 24 15 -21 -12 -23 -14 25
-11 -22 -13 24 15 -21 -12 -23 14 -25
-11 -22 -13 24 15 -21 -12 -23 14 25
-11 -22 -13 24 15 -21 -12 23 -14 -25
-11 -22 -13 24 15 -21 -12 23 -14 25
-11 -22 -13 24 15 -21 -12 23 14 -25
-11 -22 -13 24 15 -21 -12 23 14 25
-11 -22 -13 24 15 -21 12 -23 -14 -25
-11 -22 -13 24 15 -21 12 -23 -14 25
-11 -22 -13 24 15 -21 12 -23 14 -25
-11 -22 -13 24 15 -21 12 -23 14 25
-11 -22 -13 24 15 -21 12 23 -14 -25
-11 -22 -13 24 15 -21 12 23 -14 25
-11 -22 -13 24 15 -21 12 23 14 -25
-11 -22 -13 24 15 -21 12 23 14 25
-11 -22 -13 24 15 21 -12 -23 -14 -25
-11 -22 -13 24 15 21 -12 -23 -14 25
-11 -22 -13 24 15 21 -12 -23 14 -25
-11 -22 -13 24 15 21 -12 -23 14 25
-11 -22 -13 24 15 21 -12 23 -14 -25
-11 -22 -13 24 15 21 -12 23 -14 25
-11 -22 -13 24 15 21 -12 23 14 -25
-11 -22 -13 24 15 21 -12 23 14 25
-11 -22 -13 24 15 21 12 -23 -14 -25
-11 -22 -13 24 15 21 12 -23 -14 25
-11 -22 -13 24 15 21 12 -23 14 -25
-11 -22 -13 24 15 21 12 -23 14 25
-11 -22 -13 24 15 21 12 23 -14 -25
-11 -22 -13 24 15 21 12 23 -14 25
-11 -22 -13 24 15 21 12 23 14 -25
-11 -22 -13 24 15 21 12 23 14 25
-11 -22 13 -24 -15 -21 -12 -23 -14 -25
-11 -22 13 -24 -15 -21 -12 -23 -14 25
-11 -22 13 -24 -15 -21 -12 -23 14 -25
-11 -22 13 -24 -15 -21 -12 -23 14 25
-11 -22 13 -24 -15 -21 -12 23 -14 -25
-11 -22 13 -24 -15 -21 -12 23 -14 25
-11 -22 13 -24 -15 -21 -12 23 14 -25
-11 -22 13 -24 -15 -21 -12 23 14 25
-11 -22 13 -24 -15 -21 12 -23 -14 -25
-11 -22 13 -24 -15 -21 12 -23 -14 25
-11 -22 13 -24 -15 -21 12 -23 14 -25
-11 -22 13 -24 -15 -21 12 -23 14 25
-11 -22 13 -24 -15 -21 12 23 -14 -25
-11 -22 13 -24 -15 -21 12 23 -14 25
-11 -22 13 -24 -15 -21 12 23 14 -25
-11 -22 13 -24 -15 -21 12 23 14 25
-11 -22 13 -24 -15 21 -12 -23 -14 -25
-11 -22 13 -24 -15 21 -12 -23 -14 25
-11 -22 13 -24 -15 21 -12 -23 14 -25
-11 -22 13 -24 -15 21 -12 -23 14 25
-11 -22 13 -24 -15 21 -12 23 -14 -25
-11 -22 13 -24 -15 21 -12 23 -14 25
-11 -22 13 -24 -15 21 -12 23 14 -25
-11 -22 13 -24 -15 21 -12 23 14 25
-11 -22 13 -24 -15 21 12 -23 -14 -25
-11 -22 13 -24 -15 21 12 -23 -14 25
-11 -22 13 -24 -15 21 12 -23 14 -25
-11 -22 13 -24 -15 21 12 -23 14 25
-11 -22 13 -24 -15 21 12 23 -14 -25
-11 -22 13 -24 -15 21 12 23 -14 25
-11 -22 13 -24 -15 21 12 23 14 -25
-11 -22 13 -24 -15 21 12 23 14 25
-11 -22 13 -24 15 -21 -12 -23 -14 -25
-11 -22 13 -24 15 -21 -12 -23 -14 25
-11 -22 13 -24 15 -21 -12 -23 14 -25
-11 -22 13 -24 15 -21 -12 -23 14 25
-11 -22 13 -24 15 -21 -12 23 -14 -25
-11 -22 13 -24 15 -21 -12 23 -14 25
-11 -22 13 -24 15 -21 -12 23 14 -25
-11 -22 13 -24 15 -21 -12 23 14 25
-11 -22 13 -24 15 -21 12 -23 -14 -25
-11 -22 13 -24 15 -21 12 -23 -14 25
-11 -22 13 -24 15 -21 12 -23 14 -25
-11 -22 13 -24 15 -21 12 -23 14 25
-11 -22 13 -24 15 -21 12 23 -14 -25
-11 -22 13 -24 15 -21 12 23 -14 25
-11 -22 13 -24 15 -21 12 23 14 -25
-11 -22 13 -24 15 -21 12 23 14 25
-11 -22 13 -24 15 21 -12 -23 -14 -25
-11 -22 13 -24 15 21 -12 -23 -14 25
-11 -22 13 -24 15 21 -12 -23 14 -25
-11 -22 13 -24 15 21 -12 -23 14 25
-11 -22 13 -24 15 21 -12 23 -14 -25
-11 -22 13 -24 15 21 -12 23 -14 25
-11 -22 13 -24 15 21 -12 23 14 -25
-11 -22 13 -24 15 21 -12 23 14 25
-11 -22 13 -24 15 21 12 -23 -14 -25
-11 -22 13 -24 15 21 12 -23 -14 25
-11 -22 13 -24 15 21 12 -23 14 -25
-11 -22 13 -24 15 21 12 -23 14 25
-11 -22 13 -24 15 21 12 23 -14 -25
-11 -22 13 -24 15 21 12 23 -14 25
-11 -22 13 -24 15 21 12 23 14 -25
-11 -22 13 -24 15 21 12 23 14 25
-11 -22 13 24 -15 -21 -12 -23 -14 -25
-11 -22 13 24 -15 -21 -12 -23 -14 25
-11 -22 13 24 -15 -21 -12 -23 14 -25
-11 -22 13 24 -15 -21 -12 -23 14 25
-11 -22 13 24 -15 -21 -12 23 -14 -25
-11 -22 13 24 -15 -21 -12 23 -14 25
-11 -22 13 24 -15 -21 -12 23 14 -25
-11 -22 13 24 -15 -21 -12 23 14 25
-11 -22 13 24 -15 -21 12 -23 -14 -25
-11 -22 13 24 -15 -21 12 -23 -14 25
-11 -22 13 24 -15 -21 12 -23 14 -25
-11 -22 13 24 -15 -21 12 -23 14 25
-11 -22 13 24 -15 -21 12 23 -14 -25
-11 -22 13 24 -15 -21 12 23 -14 25
-11 -22 13 24 -15 -21 12 23 14 -25
-11 -22 13 24 -15 -21 12 23 14 25
-11 -22 13 24 -15 21 -12 -23 -14 -25
-11 -22 13 24 -15 21 -12 -23 -14 25
-11 -22 13 24 -15 21 -12 -23 14 -25
-11 -22 13 24 -15 21 -12 -23 14 25
-11 -22 13 24 -15 21 -12 23 -14 -25
-11 -22 13 24 -15 21 -12 23 -14 25
-11 -22 13 24 -15 21 -12 23 14 -25
-11 -22 13 24 -15 21 -12 23 14 25
-11 -22 13 24 -15 21 12 -23 -14 -25
-11 -22 13 24 -15 21 12 -23 -14 25
-11 -22 13 24 -15 21 12 -23 14 -25
-11 -22 13 24 -15 21 12 -23 14 25
-11 -22 13 24 -15 21 12 23 -14 -25
-11 -22 13 24 -15 21 12 23 -14 25
-11 -22 13 24 -15 21 12 23 14 -25
-11 -22 13 24 -15 21 12 23 14 25
-11 -22 13 24 15 -21 -12 -23 -14 -25
-11 -22 13 24 15 -21 -12 -23 -14 25
-11 -22 13 24 15 -21 -12 -23 14 -25
-11 -22 13 24 15 -21 -12 -23 14 25
-11 -22 13 24 15 -21 -12 23 -14 -25
-11 -22 13 24 15 -21 -12 23 -14 25
-11 -22 13 24 15 -21 -12 23 14 -25
-11 -22 13 24 15 -21 -12 23 14 25
-11 -22 13 24 15 -21 12 -23 -14 -25
-11 -22 13 24 15 -21 12 -23 -14 25
-11 -22 13 24 15 -21 12 -23 14 -25
-11 -22 13 24 15 -21 12 -23 14 25
-11 -22 13 24 15 -21 12 23 -14 -25
-11 -22 13 24 15 -21 12 23 -14 25
-11 -22 13 24 15 -21 12 23 14 -25
-11 -22 13 24 15 -21 12 23 14 25
-11 -22 13 24 15 21 -12 -23 -14 -25
-11 -22 13 24 15 21 -12 -23 -14 25
-11 -22 13 24 15 21 -12 -23 14 -25
-11 -22 13 24 15 21 -12 -23 14 25
-11 -22 13 24 15 21 -12 23 -14 -25
-11 -22 13 24 15 21 -12 23 -14 25
-11 -22 13 24 15 21 -12 23 14 -25
-11 -22 13 24 15 21 -12 23 14 25
-11 -22 13 24 15 21 12 -23 -14 -25
-11 -22 13 24 15 21 12 -23 -14 25
-11 -22 13 24 15 21 12 -23 14 -25
-11 -22 13 24 15 21 12 -23 14 25
-11 -22 13 24 15 21 12 23 -14 -25
-11 -22 13 24 15 21 12 23 -14 25
-11 -22 13 24 15 21 12 23 14 -25
-11 -22 13 24 15 21 12 23 14 25
-11 22 -13 -24 -15 -21 -12 -23 -14 -25
-11 22 -13 -24 -15 -21 -12 -23 -14 25
-11 22 -13 -24 -15 -21 -12 -23 14 -25
-11 22 -13 -24 -15 -21 -12 -23 14 25
-11 22 -13 -24 -15 -21 -12 23 -14 -25
-11 22 -13 -24 -15 -21 -12 23 -14 25
-11 22 -13 -24 -15 -21 -12 23 14 -25
-11 22 -13 -24 -15 -21 -12 23 14 25
-11 22 -13 -24 -15 -21 12 -23 -14 -25
-11 22 -13 -24 -15 -21 12 -23 -14 25
-11 22 -13 -24 -15 -21 12 -23 14 -25
-11 22 -13 -24 -15 -21 12 -23 14 25
-11 22 -13 -24 -15 -21 12 23 -14 -25
-11 22 -13 -24 -15 -21 12 23 -14 25
-11 22 -13 -24 -15 -21 12 23 14 -25
-11 22 -13 -24 -15 -21 12 23 14 25
-11 22 -13 -24 -15 21 -12 -23 -14 -25
-11 22 -13 -24 -15 21 -12 -23 -14 25
-11 22 -13 -24 -15 21 -12 -23 14 -25
-11 22 -13 -24 -15 21 -12 -23 14 25
-11 22 -13 -24 -15 21 -12 23 -14 -25
-11 22 -13 -24 -15 21 -12 23 -14 25
-11 22 -13 -24 -15 21 -12 23 14 -25
-11 22 -13 -24 -15 21 -12 23 14 25
-11 22 -13 -24 -15 21 12 -23 -14 -25
-11 22 -13 -24 -15 21 12 -23 -14 25
-11 22 -13 -24 -15 21 12 -23 14 -25
-11 22 -13 -24 -15 21 12 -23 14 25
-11 22 -13 -24 -15 21 12 23 -14 -25
-11 22 -13 -24 -15 21 12 23 -14 25
-11 22 -13 -24 -15 21 12 23 14 -25
-11 22 -13 -24 -15 21 12 23 14 25
-11 22 -13 -24 15 -21 -12 -23 -14 -25
-11 22 -13 -24 15 -21 -12 -23 -14 25
-11 22 -13 -24 15 -21 -12 -23 14 -25
-11 22 -13 -24 15 -21 -12 -23 14 25
-11 22 -13 -24 15 -21 -12 23 -14 -25
-11 22 -13 -24 15 -21 -12 23 -14 25
-11 22 -13 -24 15 -21 -12 23 14 -25
-11 22 -13 -24 15 -21 -12 23 14 25
-11 22 -13 -24 15 -21 12 -23 -14 -25
-11 22 -13 -24 15 -21 12 -23 -14 25
-11 22 -13 -24 15 -21 12 -23 14 -25
-11 22 -13 -24 15 -21 12 -23 14 25
-11 22 -13 -24 15 -21 12 23 -14 -25
-11 22 -13 -24 15 -21 12 23 -14 25
-11 22 -13 -24 15 -21 12 23 14 -25
-11 22 -13 -24 15 -21 12 23 14 25
-11 22 -13 -24 15 21 -12 -23 -14 -25
-11 22 -13 -24 15 21 -12 -23 -14 25
-11 22 -13 -24 15 21 -12 -23 14 -25
-11 22 -13 -24 15 21 -12 -23 14 25
-11 22 -13 -24 15 21 -12 23 -14 -25
-11 22 -13 -24 15 21 -12 23 -14 25
-11 22 -13 -24 15 21 -12 23 14 -25
-11 22 -13 -24 15 21 -12 23 14 25
-11 22 -13 -24 15 21 12 -23 -14 -25
-11 22 -13 -24 15 21 12 -23 -14 25
-11 22 -13 -24 15 21 12 -23 14 -25
-11 22 -13 -24 15 21 12 -23 14 25
-11 22 -13 -24 15 21 12 23 -14 -25
-11 22 -13 -24 15 21 12 23 -14 25
-11 22 -13 -24 15 21 12 23 14 -25
-11 22 -13 -24 15 21 12 23 14 25
-11 22 -13 24 -15 -21 -12 -23 -14 -25
-11 22 -13 24 -15 -21 -12 -23 -14 25
-11 22 -13 24 -15 -21 -12 -23 14 -25
-11 22 -13 24 -15 -21 -12 -23 14 25
-11 22 -13 24 -15 -21 -12 23 -14 -25
-11 22 -13 24 -15 -21 -12 23 -14 25
-11 22 -13 24 -15 -21 -12 23 14 -25
-11 22 -13 24 -15 -21 -12 23 14 25
-11 22 -13 24 -15 -21 12 -23 -14 -25
-11 22 -13 24 -15 -21 12 -23 -14 25
-11 22 -13 24 -15 -21 12 -23 14 -25
-11 22 -13 24 -15 -21 12 -23 14 25
-11 22 -13 24 -15 -21 12 23 -14 -25
-11 22 -13 24 -15 -21 12 23 -14 25
-11 22 -13 24 -15 -21 12 23 14 -25
-11 22 -13 24 -15 -21 12 23 14 25
-11 22 -13 24 -15 21 -12 -23 -14 -25
-11 22 -13 24 -15 21 -12 -23 -14 25
-11 22 -13 24 -15 21 -12 -23 14 -25
-11 22 -13 24 -15 21 -12 -23 14 25
-11 22 -13 24 -15 21 -12 23 -14 -25
-11 22 -13 24 -15 21 -12 23 -14 25
-11 22 -13 24 -15 21 -12 23 14 -25
-11 22 -13 24 -15 21 -12 23 14 25
-11 22 -13 24 -15 21 12 -23 -14 -25
-11 22 -13 24 -15 21 12 -23 -14 25
-11 22 -13 24 -15 21 12 -23 14 -25
-11 22 -13 24 -15 21 12 -23 14 25
-11 22 -13 24 -15 21 12 23 -14 -25
-11 22 -13 24 -15 21 12 23 -14 25
-11 22 -13 24 -15 21 12 23 14 -25
-11 22 -13 24 -15 21 12 23 14 25
-11 22 -13 24 15 -21 -12 -23 -14 -25
-11 22 -13 24 15 -21 -12 -23 -14 25
-11 22 -13 24 15 -21 -12 -23 14 -25
-11 22 -13 24 15 -21 -12 -23 14 25
-11 22 -13 24 15 -21 -12 23 -14 -25
-11 22 -13 24 15 -21 -12 23 -14 25
-11 22 -13 24 15 -21 -12 23 14 -25
-11 22 -13 24 15 -21 -12 23 14 25
-11 22 -13 24 15 -21 12 -23 -14 -25
-11 22 -13 24 15 -21 12 -23 -14 25
-11 22 -13 24 15 -21 12 -23 14 -25
-11 22 -13 24 15 -21 12 -23 14 25
-11 22 -13 24 15 -21 12 23 -14 -25
-11 22 -13 24 15 -21 12 23 -14 25
-11 22 -13 24 15 -21 12 23 14 -25
-11 22 -13 24 15 -21 12 23 14 25
-11 22 -13 24 15 21 -12 -23 -14 -25
-11 22 -13 24 15 21 -12 -23 -14 25
-11 22 -13 24 15 21 -12 -23 14 -25
-11 22 -13 24 15 21 -12 -23 14 25
-11 22 -13 24 15 21 -12 23 -14 -25
-11 22 -13 24 15 21 -12 23 -14 25
-11 22 -13 24 15 21 -12 23 14 -25
-11 22 -13 24 15 21 -12 23 14 25
-11 22 -13 24 15 21 12 -23 -14 -25
-11 22 -13 24 15 21 12 -23 -14 25
-11 22 -13 24 15 21 12 -23 14 -25
-11 22 -13 24 15 21 12 -23 14 25
-11 22 -13 24 15 21 12 23 -14 -25
-11 22 -13 24 15 21 12 23 -14 25
-11 22 -13 24 15 21 12 23 14 -25
-11 22 -13 24 15 21 12 23 14 25
-11 22 13 -24 -15 -21 -12 -23 -14 -25
-11 22 13 -24 -15 -21 -12 -23 -14 25
-11 22 13 -24 -15 -21 -12 -23 14 -25
-11 22 13 -24 -15 -21 -12 -23 14 25
-11 22 13 -24 -15 -21 -12 23 -14 -25
-11 22 13 -24 -15 -21 -12 23 -14 25
-11 22 13 -24 -15 -21 -12 23 14 -25
-11 22 13 -24 -15 -21 -12 23 14 25
-11 22 13 -24 -15 -21 12 -23 -14 -25
-11 22 13 -24 -15 -21 12 -23 -14 25
-11 22 13 -24 -15 -21 12 -23 14 -25
-11 22 13 -24 -15 -21 12 -23 14 25
-11 22 13 -24 -15 -21 12 23 -14 -25
-11 22 13 -24 -15 -21 12 23 -14 25
-11 22 13 -24 -15 -21 12 23 14 -25
-11 22 13 -24 -15 -21 12 23 14 25
-11 22 13 -24 -15 21 -12 -23 -14 -25
-11 22 13 -24 -15 21 -12 -23 -14 25
-11 22 13 -24 -15 21 -12 -23 14 -25
-11 22 13 -24 -15 21 -12 -23 14 25
-11 22 13 -24 -15 21 -12 23 -14 -25
-11 22 13 -24 -15 21 -12 23 -14 25
-11 22 13 -24 -15 21 -12 23 14 -25
-11 22 13 -24 -15 21 -12 23 14 25
-11 22 13 -24 -15 21 12 -23 -14 -25
-11 22 13 -24 -15 21 12 -23 -14 25
-11 22 13 -24 -15 21 12 -23 14 -25
-11 22 13 -24 -15 21 12 -23 14 25
-11 22 13 -24 -15 21 12 23 -14 -25
-11 22 13 -24 -15 21 12 23 -14 25
-11 22 13 -24 -15 21 12 23 14 -25
-11 22 13 -24 -15 21 12 23 14 25
-11 22 13 -24 15 -21 -12 -23 -14 -25
-11 22 13 -24 15 -21 -12 -23 -14 25
-11 22 13 -24 15 -21 -12 -23 14 -25
-11 22 13 -24 15 -21 -12 -23 14 25
-11 22 13 -24 15 -21 -12 23 -14 -25
-11 22 13 -24 15 -21 -12 23 -14 25
-11 22 13 -24 15 -21 -12 23 14 -25
-11 22 13 -24 15 -21 -12 23 14 25
-11 22 13 -24 15 -21 12 -23 -14 -25
-11 22 13 -24 15 -21 12 -23 -14 25
-11 22 13 -24 15 -21 12 -23 14 -25
-11 22 13 -24 15 -21 12 -23 14 25
-11 22 13 -24 15 -21 12 23 -14 -25
-11 22 13 -24 15 -21 12 23 -14 25
-11 22 13 -24 15 -21 12 23 14 -25
-11 22 13 -24 15 -21 12 23 14 25
-11 22 13 -24 15 21 -12 -23 -14 -25
-11 22 13 -24 15 21 -12 -23 -14 25
-11 22 13 -24 15 21 -12 -23 14 -25
-11 22 13 -24 15 21 -12 -23 14 25
-11 22 13 -24 15 21 -12 23 -14 -25
-11 22 13 -24 15 21 -12 23 -14 25
-11 22 13 -24 15 21 -12 23 14 -25
-11 22 13 -24 15 21 -12 23 14 25
-11 22 13 -24 15 21 12 -23 -14 -25
-11 22 13 -24 15 21 12 -23 -14 25
-11 22 13 -24 15 21 12 -23 14 -25
-11 22 13 -24 15 21 12 -23 14 25
-11 22 13 -24 15 21 12 23 -14 -25
-11 22 13 -24 15 21 12 23 -14 25
-11 22 13 -24 15 21 12 23 14 -25
-11 22 13 -24 15 21 12 23 14 25
-11 22 13 24 -15 -21 -12 -23 -14 -25
-11 22 13 24 -15 -21 -12 -23 -14 25
-11 22 13 24 -15 -21 -12 -23 14 -25
-11 22 13 24 -15 -21 -12 -23 14 25
-11 22 13 24 -15 -21 -12 23 -14 -25
-11 22 13 24 -15 -21 -12 23 -14 25
-11 22 13 24 -15 -21 -12 23 14 -25
-11 22 13 24 -15 -21 -12 23 14 25
-11 22 13 24 -15 -21 12 -23 -14 -25
-11 22 13 24 -15 -21 12 -23 -14 25
-11 22 13 24 -15 -21 12 -23 14 -25
-11 22 13 24 -15 -21 12 -23 14 25
-11 22 13 24 -15 -21 12 23 -14 -25
-11 22 13 24 -15 -21 12 23 -14 25
-11 22 13 24 -15 -21 12 23 14 -25
-11 22 13 24 -15 -21 12 23 14 25
-11 22 13 24 -15 21 -12 -23 -14 -25
-11 22 13 24 -15 21 -12 -23 -14 25
-11 22 13 24 -15 21 -12 -23 14 -25
-11 22 13 24 -15 21 -12 -23 14 25
-11 22 13 24 -15 21 -12 23 -14 -25
-11 22 13 24 -15 21 -12 23 -14 25
-11 22 13 24 -15 21 -12 23 14 -25
-11 22 13 24 -15 21 -12 23 14 25
-11 22 13 24 -15 21 12 -23 -14 -25
-11 22 13 24 -15 21 12 -23 -14 25
-11 22 13 24 -15 21 12 -23 14 -25
-11 22 13 24 -15 21 12 -23 14 25
-11 22 13 24 -15 21 12 23 -14 -25
-11 22 13 24 -15 21 12 23 -14 25
-11 22 13 24 -15 21 12 23 14 -25
-11 22 13 24 -15 21 12 23 14 25
-11 22 13 24 15 -21 -12 -23 -14 -25
-11 22 13 24 15 -21 -12 -23 -14 25
-11 22 13 24 15 -21 -12 -23 14 -25
-11 22 13 24 15 -21 -12 -23 14 25
-11 22 13 24 15 -21 -12 23 -14 -25
-11 22 13 24 15 -21 -12 23 -14 25
-11 22 13 24 15 -21 -12 23 14 -25
-11 22 13 24 15 -21 -12 23 14 25
-11 22 13 24 15 -21 12 -23 -14 -25
-11 22 13 24 15 -21 12 -23 -14 25
-11 22 13 24 15 -21 12 -23 14 -25
-11 22 13 24 15 -21 12 -23 14 25
-11 22 13 24 15 -21 12 23 -14 -25
-11 22 13 24 15 -21 12 23 -14 25
-11 22 13 24 15 -21 12 23 14 -25
-11 22 13 24 15 -21 12 23 14 25
-11 22 13 24 15 21 -12 -23 -14 -25
-11 22 13 24 15 21 -12 -23 -14 25
-11 22 13 24 15 21 -12 -23 14 -25
-11 22 13 24 15 21 -12 -23 14 25
-11 22 13 24 15 21 -12 23 -14 -25
-11 22 13 24 15 21 -12 23 -14 25
-11 22 13 24 15 21 -12 23 14 -25
-11 22 13 24 15 21 -12 23 14 25
-11 22 13 24 15 21 12 -23 -14 -25
-11 22 13 24 15 21 12 -23 -14 25
-11 22 13 24 15 21 12 -23 14 -25
-11 22 13 24 15 21 12 -23 14 25
-11 22 13 24 15 21 12 23 -14 -25
-11 22 13 24 15 21 12 23 -14 25
-11 22 13 24 15 21 12 23 14 -25
-11 22 13 24 15 21 12 23 14 25
11 -22 -13 -24 -15 -21 -12 -23 -14 -25
11 -22 -13 -24 -15 -21 -12 -23 -14 25
11 -22 -13 -24 -15 -21 -12 -23 14 -25
11 -22 -13 -24 -15 -21 -12 -23 14 25
11 -22 -13 -24 -15 -21 -12 23 -14 -25
11 -22 -13 -24 -15 -21 -12 23 -14 25
11 -22 -13 -24 -15 -21 -12 23 14 -25
11 -22 -13 -24 -15 -21 -12 23 14 25
11 -22 -13 -24 -15 -21 12 -23 -14 -25
11 -22 -13 -24 -15 -21 12 -23 -14 25
11 -22 -13 -24 -15 -21 12 -23 14 -25
11 -22 -13 -24 -15 -21 12 -23 14 25
11 -22 -13 -24 -15 -21 12 23 -14 -25
11 -22 -13 -24 -15 -21 12 23 -14 25
11 -22 -13 -24 -15 -21 12 23 14 -25
11 -22 -13 -24 -15 -21 12 23 14 25
11 -22 -13 -24 -15 21 -12 -23 -14 -25
11 -22 -13 -24 -15 21 -12 -23 -14 25
11 -22 -13 -24 -15 21 -12 -23 14 -25
11 -22 -13 -24 -15 21 -12 -23 14 25
11 -22 -13 -24 -15 21 -12 23 -14 -25
11 -22 -13 -24 -15 21 -12 23 -14 25
11 -22 -13 -24 -15 21 -12 23 14 -25
11 -22 -13 -24 -15 21 -12 23 14 25
11 -22 -13 -24 -15 21 12 -23 -14 -25
11 -22 -13 -24 -15 21 12 -23 -14 25
11 -22 -13 -24 -15 21 12 -23 14 -25
11 -22 -13 -24 -15 21 12 -23 14 25
11 -22 -13 -24 -15 21 12 23 -14 -25
11 -22 -13 -24 -15 21 12 23 -14 25
11 -22 -13 -24 -15 21 12 23 14 -25
11 -22 -13 -24 -15 21 12 23 14 25
11 -22 -13 -24 15 -21 -12 -23 -14 -25
11 -22 -13 -24 15 -21 -12 -23 -14 25
11 -22 -13 -24 15 -21 -12 -23 14 -25
11 -22 -13 -24 15 -21 -12 -23 14 25
11 -22 -13 -24 15 -21 -12 23 -14 -25
11 -22 -13 -24 15 -21 -12 23 -14 25
11 -22 -13 -24 15 -21 -12 23 14 -25
11 -22 -13 -24 15 -21 -12 23 14 25
11 -22 -13 -24 15 -21 12 -23 -14 -25
11 -22 -13 -24 15 -21 12 -23 -14 25
11 -22 -13 -24 15 -21 12 -23 14 -25
11 -22 -13 -24 15 -21 12 -23 14 25
11 -22 -13 -24 15 -21 12 23 -14 -25
11 -22 -13 -24 15 -21 12 23 -14 25
11 -22 -13 -24 15 -21 12 23 14 -25
11 -22 -13 -24 15 -21 12 23 14 25
11 -22 -13 -24 15 21 -12 -23 -14 -25
11 -22 -13 -24 15 21 -12 -23 -14 25
11 -22 -13 -24 15 21 -12 -23 14 -25
11 -22 -13 -24 15 21 -12 -23 14 25
11 -22 -13 -24 15 21 -12 23 -14 -25
11 -22 -13 -24 15 21 -12 23 -14 25
11 -22 -13 -24 15 21 -12 23 14 -25
11 -22 -13 -24 15 21 -12 23 14 25
11 -22 -13 -24 15 21 12 -23 -14 -25
11 -22 -13 -24 15 21 12 -23 -14 25
11 -22 -13 -24 15 21 12 -23 14 -25
11 -22 -13 -24 15 21 12 -23 14 25
11 -22 -13 -24 15 21 12 23 -14 -25
11 -22 -13 -24 15 21 12 23 -14 25
11 -22 -13 -24 15 21 12 23 14 -25
11 -22 -13 -24 15 21 12 23 14 25
11 -22 -13 24 -15 -21 -12 -23 -14 -25
11 -22 -13 24 -15 -21 -12 -23 -14 25
11 -22 -13 24 -15 -21 -12 -23 14 -25
11 -22 -13 24 -15 -21 -12 -23 14 25
11 -22 -13 24 -15 -21 -12 23 -14 -25
11 -22 -13 24 -15 -21 -12 23 -14 25
11 -22 -13 24 -15 -21 -12 23 14 -25
11 -22 -13 24 -15 -21 -12 23 14 25
11 -22 -13 24 -15 -21 12 -23 -14 -25
11 -22 -13 24 -15 -21 12 -23 -14 25
11 -22 -13 24 -15 -21 12 -23 14 -25
11 -22 -13 24 -15 -21 12 -23 14 25
11 -22 -13 24 -15 -21 12 23 -14 -25
11 -22 -13 24 -15 -21 12 23 -14 25
11 -22 -13 24 -15 -21 12 23 14 -25
11 -22 -13 24 -15 -21 12 23 14 25
11 -22 -13 24 -15 21 -12 -23 -14 -25
11 -22 -13 24 -15 21 -12 -23 -14 25
11 -22 -13 24 -15 21 -12 -23 14 -25
11 -22 -13 24 -15 21 -12 -23 14 25
11 -22 -13 24 -15 21 -12 23 -14 -25
11 -22 -13 24 -15 21 -12 23 -14 25
11 -22 -13 24 -15 21 -12 23 14 -25
11 -22 -13 24 -15 21 -12 23 14 25
11 -22 -13 24 -15 21 12 -23 -14 -25
11 -22 -13 24 -15 21 12 -23 -14 25
11 -22 -13 24 -15 21 12 -23 14 -25
11 -22 -13 24 -15 21 12 -23 14 25
11 -22 -13 24 -15 21 12 23 -14 -25
11 -22 -13 24 -15 21 12 23 -14 25
11 -22 -13 24 -15 21 12 23 14 -25
11 -22 -13 24 -15 21 12 23 14 25
11 -22 -13 24 15 -21 -12 -23 -14 -25
11 -22 -13 24 15 -21 -12 -23 -14 25
11 -22 -13 24 15 -21 -12 -23 14 -25
11 -22 -13 24 15 -21 -12 -23 14 25
11 -22 -13 24 15 -21 -12 23 -14 -25
11 -22 -13 24 15 -21 -12 23 -14 25
11 -22 -13 24 15 -21 -12 23 14 -25
11 -22 -13 24 15 -21 -12 23 14 25
11 -22 -13 24 15 -21 12 -23 -14 -25
11 -22 -13 24 15 -21 12 -23 -14 25
11 -22 -13 24 15 -21 12 -23 14 -25
11 -22 -13 24 15 -21 12 -23 14 25
11 -22 -13 24 15 -21 12 23 -14 -25
11 -22 -13 24 15 -21 12 23 -14 25
11 -22 -13 24 15 -21 12 23 14 -25
11 -22 -13 24 15 -21 12 23 14 25
11 -22 -13 24 15 21 -12 -23 -14 -25
11 -22 -13 24 15 21 -12 -23 -14 25
11 -22 -13 24 15 21 -12 -23 14 -25
11 -22 -13 24 15 21 -12 -23 14 25
11 -22 -13 24 15 21 -12 23 -14 -25
11 -22 -13 24 15 21 -12 23 -14 25
11 -22 -13 24 15 21 -12 23 14 -25
11 -22 -13 24 15 21 -12 23 14 25
11 -22 -13 24 15 21 12 -23 -14 -25
11 -22 -13 24 15 21 12 -23 -14 25
11 -22 -13 24 15 21 12 -23 14 -25
11 -22 -13 24 15 21 12 -23 14 25
11 -22 -13 24 15 21 12 23 -14 -25
11 -22 -13 24 15 21 12 23 -14 25
11 -22 -13 24 15 21 12 23 14 -25
11 -22 -13 24 15 21 12 23 14 25
11 -22 13 -24 -15 -21 -12 -23 -14 -25
11 -22 13 -24 -15 -21 -12 -23 -14 25
11 -22 13 -24 -15 -21 -12 -23 14 -25
11 -22 13 -24 -15 -21 -12 -23 14 25
11 -22 13 -24 -15 -21 -12 23 -14 -25
11 -22 13 -24 -15 -21 -12 23 -14 25
11 -22 13 -24 -15 -21 -12 23 14 -25
11 -22 13 -24 -15 -21 -12 23 14 25
11 -22 13 -24 -15 -21 12 -23 -14 -25
11 -22 13 -24 -15 -21 12 -23 -14 25
11 -22 13 -24 -15 -21 12 -23 14 -25
11 -22 13 -24 -15 -21 12 -23 14 25
11 -22 13 -24 -15 -21 12 23 -14 -25
11 -22 13 -24 -15 -21 12 23 -14 25
11 -22 13 -24 -15 -21 12 23 14 -25
11 -22 13 -24 -15 -21 12 23 14 25
11 -22 13 -24 -15 21 -12 -23 -14 -25
11 -22 13 -24 -15 21 -12 -23 -14 25
11 -22 13 -24 -15 21 -12 -23 14 -25
11 -22 13 -24 -15 21 -12 -23 14 25
11 -22 13 -24 -15 21 -12 23 -14 -25
11 -22 13 -24 -15 21 -12 23 -14 25
11 -22 13 -24 -15 21 -12 23 14 -25
11 -22 13 -24 -15 21 -12 23 14 25
11 -22 13 -24 -15 21 12 -23 -14 -25
11 -22 13 -24 -15 21 12 -23 -14 25
11 -22 13 -24 -15 21 12 -23 14 -25
11 -22 13 -24 -15 21 12 -23 14 25
11 -22 13 -24 -15 21 12 23 -14 -25
11 -22 13 -24 -15 21 12 23 -14 25
11 -22 13 -24 -15 21 12 23 14 -25
11 -22 13 -24 -15 21 12 23 14 25
11 -22 13 -24 15 -21 -12 -23 -14 -25
11 -22 13 -24 15 -21 -12 -23 -14 25
11 -22 13 -24 15 -21 -12 -23 14 -25
11 -22 13 -24 15 -21 -12 -23 14 25
11 -22 13 -24 15 -21 -12 23 -14 -25
11 -22 13 -24 15 -21 -12 23 -14 25
11 -22 13 -24 15 -21 -12 23 14 -25
11 -22 13 -24 15 -21 -12 23 14 25
11 -22 13 -24 15 -21 12 -23 -14 -25
11 -22 13 -24 15 -21 12 -23 -14 25
11 -22 13 -24 15 -21 12 -23 14 -25
11 -22 13 -24 15 -21 12 -23 14 25
11 -22 13 -24 15 -21 12 23 -14 -25
11 -22 13 -24 15 -21 12 23 -14 25
11 -22 13 -24 15 -21 12 23 14 -25
11 -22 13 -24 15 -21 12 23 14 25
11 -22 13 -24 15 21 -12 -23 -14 -25
11 -22 13 -24 15 21 -12 -23 -14 25
11 -22 13 -24 15 21 -12 -23 14 -25
11 -22 13 -24 15 21 -12 -23 14 25
11 -22 13 -24 15 21 -12 23 -14 -25
11 -22 13 -24 15 21 -12 23 -14 25
11 -22 13 -24 15 21 -12 23 14 -25
11 -22 13 -24 15 21 -12 23 14 25
11 -22 13 -24 15 21 12 -23 -14 -25
11 -22 13 -24 15 21 12 -23 -14 25
11 -22 13 -24 15 21 12 -23 14 -25
11 -22 13 -24 15 21 12 -23 14 25
11 -22 13 -24 15 21 12 23 -14 -25
11 -22 13 -24 15 21 12 23 -14 25
11 -22 13 -24 15 21 12 23 14 -25
11 -22 13 -24 15 21 12 23 14 25
11 -22 13 24 -15 -21 -12 -23 -14 -25
11 -22 13 24 -15 -21 -12 -23 -14 25
11 -22 13 24 -15 -21 -12 -23 14 -25
11 -22 13 24 -15 -21 -12 -23 14 25
11 -22 13 24 -15 -21 -12 23 -14 -25
11 -22 13 24 -15 -21 -12 23 -14 25
11 -22 13 24 -15 -21 -12 23 14 -25
11 -22 13 24 -15 -21 -12 23 14 25
11 -22 13 24 -15 -21 12 -23 -14 -25
11 -22 13 24 -15 -21 12 -23 -14 25
11 -22 13 24 -15 -21 12 -23 14 -25
11 -22 13 24 -15 -21 12 -23 14 25
11 -22 13 24 -15 -21 12 23 -14 -25
11 -22 13 24 -15 -21 12 23 -14 25
11 -22 13 24 -15 -21 12 23 14 -25
11 -22 13 24 -15 -21 12 23 14 25
11 -22 13 24 -15 21 -12 -23 -14 -25
11 -22 13 24 -15 21 -12 -23 -14 25
11 -22 13 24 -15 21 -12 -23 14 -25
11 -22 13 24 -15 21 -12 -23 14 25
11 -22 13 24 -15 21 -12 23 -14 -25
11 -22 13 24 -15 21 -12 23 -14 25
11 -22 13 24 -15 21 -12 23 14 -25
11 -22 13 24 -15 21 -12 23 14 25
11 -22 13 24 -15 21 12 -23 -14 -25
11 -22 13 24 -15 21 12 -23 -14 25
11 -22 13 24 -15 21 12 -23 14 -25
11 -22 13 24 -15 21 12 -23 14 25
11 -22 13 24 -15 21 12 23 -14 -25
11 -22 13 24 -15 21 12 23 -14 25
11 -22 13 24 -15 21 12 23 14 -25
11 -22 13 24 -15 21 12 23 14 25
11 -22 13 24 15 -21 -12 -23 -14 -25
11 -22 13 24 15 -21 -12 -23 -14 25
11 -22 13 24 15 -21 -12 -23 14 -25
11 -22 13 24 15 -21 -12 -23 14 25
11 -22 13 24 15 -21 -12 23 -14 -25
11 -22 13 24 15 -21 -12 23 -14 25
11 -22 13 24 15 -21 -12 23 14 -25
11 -22 13 24 15 -21 -12 23 14 25
11 -22 13 24 15 -21 12 -23 -14 -25
11 -22 13 24 15 -21 12 -23 -14 25
11 -22 13 24 15 -21 12 -23 14 -25
11 -22 13 24 15 -21 12 -23 14 25
11 -22 13 24 15 -21 12 23 -14 -25
11 -22 13 24 15 -21 12 23 -14 25
11 -22 13 24 15 -21 12 23 14 -25
11 -22 13 24 15 -21 12 23 14 25
11 -22 13 24 15 21 -12 -23 -14 -25
11 -22 13 24 15 21 -12 -23 -14 25
11 -22 13 24 15 21 -12 -23 14 -25
11 -22 13 24 15 21 -12 -23 14 25
11 -22 13 24 15 21 -12 23 -14 -25
11 -22 13 24 15 21 -12 23 -14 25
11 -22 13 24 15 21 -12 23 14 -25
11 -22 13 24 15 21 -12 23 14 25
11 -22 13 24 15 21 12 -23 -14 -25
11 -22 13 24 15 21 12 -23 -14 25
11 -22 13 24 15 21 12 -23 14 -25
11 -22 13 24 15 21 12 -23 14 25
11 -22 13 24 15 21 12 23 -14 -25
11 -22 13 24 15 21 12 23 -14 25
11 -22 13 24 15 21 12 23 14 -25
11 -22 13 24 15 21 12 23 14 25
11 22 -13 -24 -15 -21 -12 -23 -14 -25
11 22 -13 -24 -15 -21 -12 -23 -14 25
11 22 -13 -24 -15 -21 -12 -23 14 -25
11 22 -13 -24 -15 -21 -12 -23 14 25
11 22 -13 -24 -15 -21 -12 23 -14 -25
11 22 -13 -24 -15 -21 -12 23 -14 25
11 22 -13 -24 -15 -21 -12 23 14 -25
11 22 -13 -24 -15 -21 -12 23 14 25
11 22 -13 -24 -15 -21 12 -23 -14 -25
11 22 -13 -24 -15 -21 12 -23 -14 25
11 22 -13 -24 -15 -21 12 -23 14 -25
11 22 -13 -24 -15 -21 12 -23 14 25
11 22 -13 -24 -15 -21 12 23 -14 -25
11 22 -13 -24 -15 -21 12 23 -14 25
11 22 -13 -24 -15 -21 12 23 14 -25
11 22 -13 -24 -15 -21 12 23 14 25
11 22 -13 -24 -15 21 -12 -23 -14 -25
11 22 -13 -24 -15 21 -12 -23 -14 25
11 22 -13 -24 -15 21 -12 -23 14 -25
11 22 -13 -24 -15 21 -12 -23 14 25
11 22 -13 -24 -15 21 -12 23 -14 -25
11 22 -13 -24 -15 21 -12 23 -14 25
11 22 -13 -24 -15 21 -12 23 14 -25
11 22 -13 -24 -15 21 -12 23 14 25
11 22 -13 -24 -15 21 12 -23 -14 -25
11 22 -13 -24 -15 21 12 -23 -14 25
11 22 -13 -24 -15 21 12 -23 14 -25
11 22 -13 -24 -15 21 12 -23 14 25
11 22 -13 -24 -15 21 12 23 -14 -25
11 22 -13 -24 -15 21 12 23 -14 25
11 22 -13 -24 -15 21 12 23 14 -25
11 22 -13 -24 -15 21 12 23 14 25
11 22 -13 -24 15 -21 -12 -23 -14 -25
11 22 -13 -24 15 -21 -12 -23 -14 25
11 22 -13 -24 15 -21 -12 -23 14 -25
11 22 -13 -24 15 -21 -12 -23 14 25
11 22 -13 -24 15 -21 -12 23 -14 -25
11 22 -13 -24 15 -21 -12 23 -14 25
11 22 -13 -24 15 -21 -12 23 14 -25
11 22 -13 -24 15 -21 -12 23 14 25
11 22 -13 -24 15 -21 12 -23 -14 -25
11 22 -13 -24 15 -21 12 -23 -14 25
11 22 -13 -24 15 -21 12 -23 14 -25
11 22 -13 -24 15 -21 12 -23 14 25
11 22 -13 -24 15 -21 12 23 -14 -25
11 22 -13 -24 15 -21 12 23 -14 25
11 22 -13 -24 15 -21 12 23 14 -25
11 22 -13 -24 15 -21 12 23 14 25
11 22 -13 -24 15 21 -12 -23 -14 -25
11 22 -13 -24 15 21 -12 -23 -14 25
11 22 -13 -24 15 21 -12 -23 14 -25
11 22 -13 -24 15 21 -12 -23 14 25
11 22 -13 -24 15 21 -12 23 -14 -25
11 22 -13 -24 15 21 -12 23 -14 25
11 22 -13 -24 15 21 -12 23 14 -25
11 22 -13 -24 15 21 -12 23 14 25
11 22 -13 -24 15 21 12 -23 -14 -25
11 22 -13 -24 15 21 12 -23 -14 25
11 22 -13 -24 15 21 12 -23 14 -25
11 22 -13 -24 15 21 12 -23 14 25
11 22 -13 -24 15 21 12 23 -14 -25
11 22 -13 -24 15 21 12 23 -14 25
11 22 -13 -24 15 21 12 23 14 -25
11 22 -13 -24 15 21 12 23 14 25
11 22 -13 24 -15 -21 -12 -23 -14 -25
11 22 -13 24 -15 -21 -12 -23 -14 25
11 22 -13 24 -15 -21 -12 -23 14 -25
11 22 -13 24 -15 -21 -12 -23 14 25
11 22 -13 24 -15 -21 -12 23 -14 -25
11 22 -13 24 -15 -21 -12 23 -14 25
11 22 -13 24 -15 -21 -12 23 14 -25
11 22 -13 24 -15 -21 -12 23 14 25
11 22 -13 24 -15 -21 12 -23 -14 -25
11 22 -13 24 -15 -21 12 -23 -14 25
11 22 -13 24 -15 -21 12 -23 14 -25
11 22 -13 24 -15 -21 12 -23 14 25
11 22 -13 24 -15 -21 12 23 -14 -25
11 22 -13 24 -15 -21 12 23 -14 25
11 22 -13 24 -15 -21 12 23 14 -25
11 22 -13 24 -15 -21 12 23 14 25
11 22 -13 24 -15 21 -12 -23 -14 -25
11 22 -13 24 -15 21 -12 -23 -14 25
11 22 -13 24 -15 21 -12 -23 14 -25
11 22 -13 24 -15 21 -12 -23 14 25
11 22 -13 24 -15 21 -12 23 -14 -25
11 22 -13 24 -15 21 -12 23 -14 25
11 22 -13 24 -15 21 -12 23 14 -25
11 22 -13 24 -15 21 -12 23 14 25
11 22 -13 24 -15 21 12 -23 -14 -25
11 22 -13 24 -15 21 12 -23 -14 25
11 22 -13 24 -15 21 12 -23 14 -25
11 22 -13 24 -15 21 12 -23 14 25
11 22 -13 24 -15 21 12 23 -14 -25
11 22 -13 24 -15 21 12 23 -14 25
11 22 -13 24 -15 21 12 23 14 -25
11 22 -13 24 -15 21 12 23 14 25
11 22 -13 24 15 -21 -12 -23 -14 -25
11 22 -13 24 15 -21 -12 -23 -14 25
11 22 -13 24 15 -21 -12 -23 14 -25
11 22 -13 24 15 -21 -12 -23 14 25
11 22 -13 24 15 -21 -12 23 -14 -25
11 22 -13 24 15 -21 -12 23 -14 25
11 22 -13 24 15 -21 -12 23 14 -25
11 22 -13 24 15 -21 -12 23 14 25
11 22 -13 24 15 -21 12 -23 -14 -25
11 22 -13 24 15 -21 12 -23 -14 25
11 22 -13 24 15 -21 12 -23 14 -25
11 22 -13 24 15 -21 12 -23 14 25
11 22 -13 24 15 -21 12 23 -14 -25
11 22 -13 24 15 -21 12 23 -14 25
11 22 -13 24 15 -21 12 23 14 -25
11 22 -13 24 15 -21 12 23 14 25
11 22 -13 24 15 21 -12 -23 -14 -25
11 22 -13 24 15 21 -12 -23 -14 25
11 22 -13 24 15 21 -12 -23 14 -25
11 22 -13 24 15 21 -12 -23 14 25
11 22 -13 24 15 21 -12 23 -14 -25
11 22 -13 24 15 21 -12 23 -14 25
11 22 -13 24 15 21 -12 23 14 -25
11 22 -13 24 15 21 -12 23 14 25
11 22 -13 24 15 21 12 -23 -14 -25
11 22 -13 24 15 21 12 -23 -14 25
11 22 -13 24 15 21 12 -23 14 -25
11 22 -13 24 15 21 12 -23 14 25
11 22 -13 24 15 21 12 23 -14 -25
11 22 -13 24 15 21 12 23 -14 25
11 22 -13 24 15 21 12 23 14 -25
11 22 -13 24 15 21 12 23 14 25
11 22 13 -24 -15 -21 -12 -23 -14 -25
11 22 13 -24 -15 -21 -12 -23 -14 25
11 22 13 -24 -15 -21 -12 -23 14 -25
11 22 13 -24 -15 -21 -12 -23 14 25
11 22 13 -24 -15 -21 -12 23 -14 -25
11 22 13 -24 -15 -21 -12 23 -14 25
11 22 13 -24 -15 -21 -12 23 14 -25
11 22 13 -24 -15 -21 -12 23 14 25
11 22 13 -24 -15 -21 12 -23 -14 -25
11 22 13 -24 -15 -21 12 -23 -14 25
11 22 13 -24 -15 -21 12 -23 14 -25
11 22 13 -24 -15 -21 12 -23 14 25
11 22 13 -24 -15 -21 12 23 -14 -25
11 22 13 -24 -15 -21 12 23 -14 25
11 22 13 -24 -15 -21 12 23 14 -25
11 22 13 -24 -15 -21 12 23 14 25
11 22 13 -24 -15 21 -12 -23 -14 -25
11 22 13 -24 -15 21 -12 -23 -14 25
11 22 13 -24 -15 21 -12 -23 14 -25
11 22 13 -24 -15 21 -12 -23 14 25
11 22 13 -24 -15 21 -12 23 -14 -25
11 22 13 -24 -15 21 -12 23 -14 25
11 22 13 -24 -15 21 -12 23 14 -25
11 22 13 -24 -15 21 -12 23 14 25
11 22 13 -24 -15 21 12 -23 -14 -25
11 22 13 -24 -15 21 12 -23 -14 25
11 22 13 -24 -15 21 12 -23 14 -25
11 22 13 -24 -15 21 12 -23 14 25
11 22 13 -24 -15 21 12 23 -14 -25
11 22 13 -24 -15 21 12 23 -14 25
11 22 13 -24 -15 21 12 23 14 -25
11 22 13 -24 -15 21 12 23 14 25
11 22 13 -24 15 -21 -12 -23 -14 -25
11 22 13 -24 15 -21 -12 -23 -14 25
11 22 13 -24 15 -21 -12 -23 14 -25
11 22 13 -24 15 -21 -12 -23 14 25
11 22 13 -24 15 -21 -12 23 -14 -25
11 22 13 -24 15 -21 -12 23 -14 25
11 22 13 -24 15 -21 -12 23 14 -25
11 22 13 -24 15 -21 -12 23 14 25
11 22 13 -24 15 -21 12 -23 -14 -25
11 22 13 -24 15 -21 12 -23 -14 25
11 22 13 -24 15 -21 12 -23 14 -25
11 22 13 -24 15 -21 12 -23 14 25
11 22 13 -24 15 -21 12 23 -14 -25
11 22 13 -24 15 -21 12 23 -14 25
11 22 13 -24 15 -21 12 23 14 -25
11 22 13 -24 15 -21 12 23 14 25
11 22 13 -24 15 21 -12 -23 -14 -25
11 22 13 -24 15 21 -12 -23 -14 25
11 22 13 -24 15 21 -12 -23 14 -25
11 22 13 -24 15 21 -12 -23 14 25
11 22 13 -24 15 21 -12 23 -14 -25
11 22 13 -24 15 21 -12 23 -14 25
11 22 13 -24 15 21 -12 23 14 -25
11 22 13 -24 15 21 -12 23 14 25
11 22 13 -24 15 21 12 -23 -14 -25
11 22 13 -24 15 21 12 -23 -14 25
11 22 13 -24 15 21 12 -23 14 -25
11 22 13 -24 15 21 12 -23 14 25
11 22 13 -24 15 21 12 23 -14 -25
11 22 13 -24 15 21 12 23 -14 25
11 22 13 -24 15 21 12 23 14 -25
11 22 13 -24 15 21 12 23 14 25
11 22 13 24 -15 -21 -12 -23 -14 -25
11 22 13 24 -15 -21 -12 -23 -14 25
11 22 13 24 -15 -21 -12 -23 14 -25
11 22 13 24 -15 -21 -12 -23 14 25
11 22 13 24 -15 -21 -12 23 -14 -25
11 22 13 24 -15 -21 -12 23 -14 25
11 22 13 24 -15 -21 -12 23 14 -25
11 22 13 24 -15 -21 -12 23 14 25
11 22 13 24 -15 -21 12 -23 -14 -25
11 22 13 24 -15 -21 12 -23 -14 25
11 22 13 24 -15 -21 12 -23 14 -25
11 22 13 24 -15 -21 12 -23 14 25
11 22 13 24 -15 -21 12 23 -14 -25
11 22 13 24 -15 -21 12 23 -14 25
11 22 13 24 -15 -21 12 23 14 -25
11 22 13 24 -15 -21 12 23 14 25
11 22 13 24 -15 21 -12 -23 -14 -25
11 22 13 24 -15 21 -12 -23 -14 25
11 22 13 24 -15 21 -12 -23 14 -25
11 22 13 24 -15 21 -12 -23 14 25
11 22 13 24 -15 21 -12 23 -14 -25
11 22 13 24 -15 21 -12 23 -14 25
11 22 13 24 -15 21 -12 23 14 -25
11 22 13 24 -15 21 -12 23 14 25
11 22 13 24 -15 21 12 -23 -14 -25
11 22 13 24 -15 21 12 -23 -14 25
11 22 13 24 -15 21 12 -23 14 -25
11 22 13 24 -15 21 12 -23 14 25
11 22 13 24 -15 21 12 23 -14 -25
11 22 13 24 -15 21 12 23 -14 25
11 22 13 24 -15 21 12 23 14 -25
11 22 13 24 -15 21 12 23 14 25
11 22 13 24 15 -21 -12 -23 -14 -25
11 22 13 24 15 -21 -12 -23 -14 25
11 22 13 24 15 -21 -12 -23 14 -25
11 22 13 24 15 -21 -12 -23 14 25
11 22 13 24 15 -21 -12 23 -14 -25
11 22 13 24 15 -21 -12 23 -14 25
11 22 13 24 15 -21 -12 23 14 -25
11 22 13 24 15 -21 -12 23 14 25
11 22 13 24 15 -21 12 -23 -14 -25
11 22 13 24 15 -21 12 -23 -14 25
11 22 13 24 15 -21 12 -23 14 -25
11 22 13 24 15 -21 12 -23 14 25
11 22 13 24 15 -21 12 23 -14 -25
11 22 13 24 15 -21 12 23 -14 25
11 22 13 24 15 -21 12 23 14 -25
11 22 13 24 15 -21 12 23 14 25
11 22 13 24 15 21 -12 -23 -14 -25
11 22 13 24 15 21 -12 -23 -14 25
11 22 13 24 15 21 -12 -23 14 -25
11 22 13 24 15 21 -12 -23 14 25
11 22 13 24 15 21 -12 23 -14 -25
11 22 13 24 15 21 -12 23 -14 25
11 22 13 24 15 21 -12 23 14 -25
11 22 13 24 15 21 -12 23 14 25
11 22 13 24 15 21 12 -23 -14 -25
11 22 13 24 15 21 12 -23 -14 25
11 22 13 24 15 21 12 -23 14 -25
11 22 13 24 15 21 12 -23 14 25
11 22 13 24 15 21 12 23 -14 -25
11 22 13 24 15 21 12 23 -14 25
11 22 13 24 15 21 12 23 14 -25
11 22 13 24 15 21 12 23 14 25
