p cnf 729 4820
111 112 113 114 115 116 117 118 119 0
-111 -112 0
-111 -113 0
-111 -114 0
-111 -115 0
-111 -116 0
-111 -117 0
-111 -118 0
-111 -119 0
-112 -113 0
-112 -114 0
-112 -115 0
-112 -116 0
-112 -117 0
-112 -118 0
-112 -119 0
-113 -114 0
-113 -115 0
-113 -116 0
-113 -117 0
-113 -118 0
-113 -119 0
-114 -115 0
-114 -116 0
-114 -117 0
-114 -118 0
-114 -119 0
-115 -116 0
-115 -117 0
-115 -118 0
-115 -119 0
-116 -117 0
-116 -118 0
-116 -119 0
-117 -118 0
-117 -119 0
-118 -119 0
121 122 123 124 125 126 127 128 129 0
-121 -122 0
-121 -123 0
-121 -124 0
-121 -125 0
-121 -126 0
-121 -127 0
-121 -128 0
-121 -129 0
-122 -123 0
-122 -124 0
-122 -125 0
-122 -126 0
-122 -127 0
-122 -128 0
-122 -129 0
-123 -124 0
-123 -125 0
-123 -126 0
-123 -127 0
-123 -128 0
-123 -129 0
-124 -125 0
-124 -126 0
-124 -127 0
-124 -128 0
-124 -129 0
-125 -126 0
-125 -127 0
-125 -128 0
-125 -129 0
-126 -127 0
-126 -128 0
-126 -129 0
-127 -128 0
-127 -129 0
-128 -129 0
131 132 133 134 135 136 137 138 139 0
-131 -132 0
-131 -133 0
-131 -134 0
-131 -135 0
-131 -136 0
-131 -137 0
-131 -138 0
-131 -139 0
-132 -133 0
-132 -134 0
-132 -135 0
-132 -136 0
-132 -137 0
-132 -138 0
-132 -139 0
-133 -134 0
-133 -135 0
-133 -136 0
-133 -137 0
-133 -138 0
-133 -139 0
-134 -135 0
-134 -136 0
-134 -137 0
-134 -138 0
-134 -139 0
-135 -136 0
-135 -137 0
-135 -138 0
-135 -139 0
-136 -137 0
-136 -138 0
-136 -139 0
-137 -138 0
-137 -139 0
-138 -139 0
161 162 163 164 165 166 167 168 169 0
-161 -162 0
-161 -163 0
-161 -164 0
-161 -165 0
-161 -166 0
-161 -167 0
-161 -168 0
-161 -169 0
-162 -163 0
-162 -164 0
-162 -165 0
-162 -166 0
-162 -167 0
-162 -168 0
-162 -169 0
-163 -164 0
-163 -165 0
-163 -166 0
-163 -167 0
-163 -168 0
-163 -169 0
-164 -165 0
-164 -166 0
-164 -167 0
-164 -168 0
-164 -169 0
-165 -166 0
-165 -167 0
-165 -168 0
-165 -169 0
-166 -167 0
-166 -168 0
-166 -169 0
-167 -168 0
-167 -169 0
-168 -169 0
171 172 173 174 175 176 177 178 179 0
-171 -172 0
-171 -173 0
-171 -174 0
-171 -175 0
-171 -176 0
-171 -177 0
-171 -178 0
-171 -179 0
-172 -173 0
-172 -174 0
-172 -175 0
-172 -176 0
-172 -177 0
-172 -178 0
-172 -179 0
-173 -174 0
-173 -175 0
-173 -176 0
-173 -177 0
-173 -178 0
-173 -179 0
-174 -175 0
-174 -176 0
-174 -177 0
-174 -178 0
-174 -179 0
-175 -176 0
-175 -177 0
-175 -178 0
-175 -179 0
-176 -177 0
-176 -178 0
-176 -179 0
-177 -178 0
-177 -179 0
-178 -179 0
181 182 183 184 185 186 187 188 189 0
-181 -182 0
-181 -183 0
-181 -184 0
-181 -185 0
-181 -186 0
-181 -187 0
-181 -188 0
-181 -189 0
-182 -183 0
-182 -184 0
-182 -185 0
-182 -186 0
-182 -187 0
-182 -188 0
-182 -189 0
-183 -184 0
-183 -185 0
-183 -186 0
-183 -187 0
-183 -188 0
-183 -189 0
-184 -185 0
-184 -186 0
-184 -187 0
-184 -188 0
-184 -189 0
-185 -186 0
-185 -187 0
-185 -188 0
-185 -189 0
-186 -187 0
-186 -188 0
-186 -189 0
-187 -188 0
-187 -189 0
-188 -189 0
211 212 213 214 215 216 217 218 219 0
-211 -212 0
-211 -213 0
-211 -214 0
-211 -215 0
-211 -216 0
-211 -217 0
-211 -218 0
-211 -219 0
-212 -213 0
-212 -214 0
-212 -215 0
-212 -216 0
-212 -217 0
-212 -218 0
-212 -219 0
-213 -214 0
-213 -215 0
-213 -216 0
-213 -217 0
-213 -218 0
-213 -219 0
-214 -215 0
-214 -216 0
-214 -217 0
-214 -218 0
-214 -219 0
-215 -216 0
-215 -217 0
-215 -218 0
-215 -219 0
-216 -217 0
-216 -218 0
-216 -219 0
-217 -218 0
-217 -219 0
-218 -219 0
221 222 223 224 225 226 227 228 229 0
-221 -222 0
-221 -223 0
-221 -224 0
-221 -225 0
-221 -226 0
-221 -227 0
-221 -228 0
-221 -229 0
-222 -223 0
-222 -224 0
-222 -225 0
-222 -226 0
-222 -227 0
-222 -228 0
-222 -229 0
-223 -224 0
-223 -225 0
-223 -226 0
-223 -227 0
-223 -228 0
-223 -229 0
-224 -225 0
-224 -226 0
-224 -227 0
-224 -228 0
-224 -229 0
-225 -226 0
-225 -227 0
-225 -228 0
-225 -229 0
-226 -227 0
-226 -228 0
-226 -229 0
-227 -228 0
-227 -229 0
-228 -229 0
231 232 233 234 235 236 237 238 239 0
-231 -232 0
-231 -233 0
-231 -234 0
-231 -235 0
-231 -236 0
-231 -237 0
-231 -238 0
-231 -239 0
-232 -233 0
-232 -234 0
-232 -235 0
-232 -236 0
-232 -237 0
-232 -238 0
-232 -239 0
-233 -234 0
-233 -235 0
-233 -236 0
-233 -237 0
-233 -238 0
-233 -239 0
-234 -235 0
-234 -236 0
-234 -237 0
-234 -238 0
-234 -239 0
-235 -236 0
-235 -237 0
-235 -238 0
-235 -239 0
-236 -237 0
-236 -238 0
-236 -239 0
-237 -238 0
-237 -239 0
-238 -239 0
241 242 243 244 245 246 247 248 249 0
-241 -242 0
-241 -243 0
-241 -244 0
-241 -245 0
-241 -246 0
-241 -247 0
-241 -248 0
-241 -249 0
-242 -243 0
-242 -244 0
-242 -245 0
-242 -246 0
-242 -247 0
-242 -248 0
-242 -249 0
-243 -244 0
-243 -245 0
-243 -246 0
-243 -247 0
-243 -248 0
-243 -249 0
-244 -245 0
-244 -246 0
-244 -247 0
-244 -248 0
-244 -249 0
-245 -246 0
-245 -247 0
-245 -248 0
-245 -249 0
-246 -247 0
-246 -248 0
-246 -249 0
-247 -248 0
-247 -249 0
-248 -249 0
261 262 263 264 265 266 267 268 269 0
-261 -262 0
-261 -263 0
-261 -264 0
-261 -265 0
-261 -266 0
-261 -267 0
-261 -268 0
-261 -269 0
-262 -263 0
-262 -264 0
-262 -265 0
-262 -266 0
-262 -267 0
-262 -268 0
-262 -269 0
-263 -264 0
-263 -265 0
-263 -266 0
-263 -267 0
-263 -268 0
-263 -269 0
-264 -265 0
-264 -266 0
-264 -267 0
-264 -268 0
-264 -269 0
-265 -266 0
-265 -267 0
-265 -268 0
-265 -269 0
-266 -267 0
-266 -268 0
-266 -269 0
-267 -268 0
-267 -269 0
-268 -269 0
271 272 273 274 275 276 277 278 279 0
-271 -272 0
-271 -273 0
-271 -274 0
-271 -275 0
-271 -276 0
-271 -277 0
-271 -278 0
-271 -279 0
-272 -273 0
-272 -274 0
-272 -275 0
-272 -276 0
-272 -277 0
-272 -278 0
-272 -279 0
-273 -274 0
-273 -275 0
-273 -276 0
-273 -277 0
-273 -278 0
-273 -279 0
-274 -275 0
-274 -276 0
-274 -277 0
-274 -278 0
-274 -279 0
-275 -276 0
-275 -277 0
-275 -278 0
-275 -279 0
-276 -277 0
-276 -278 0
-276 -279 0
-277 -278 0
-277 -279 0
-278 -279 0
291 292 293 294 295 296 297 298 299 0
-291 -292 0
-291 -293 0
-291 -294 0
-291 -295 0
-291 -296 0
-291 -297 0
-291 -298 0
-291 -299 0
-292 -293 0
-292 -294 0
-292 -295 0
-292 -296 0
-292 -297 0
-292 -298 0
-292 -299 0
-293 -294 0
-293 -295 0
-293 -296 0
-293 -297 0
-293 -298 0
-293 -299 0
-294 -295 0
-294 -296 0
-294 -297 0
-294 -298 0
-294 -299 0
-295 -296 0
-295 -297 0
-295 -298 0
-295 -299 0
-296 -297 0
-296 -298 0
-296 -299 0
-297 -298 0
-297 -299 0
-298 -299 0
321 322 323 324 325 326 327 328 329 0
-321 -322 0
-321 -323 0
-321 -324 0
-321 -325 0
-321 -326 0
-321 -327 0
-321 -328 0
-321 -329 0
-322 -323 0
-322 -324 0
-322 -325 0
-322 -326 0
-322 -327 0
-322 -328 0
-322 -329 0
-323 -324 0
-323 -325 0
-323 -326 0
-323 -327 0
-323 -328 0
-323 -329 0
-324 -325 0
-324 -326 0
-324 -327 0
-324 -328 0
-324 -329 0
-325 -326 0
-325 -327 0
-325 -328 0
-325 -329 0
-326 -327 0
-326 -328 0
-326 -329 0
-327 -328 0
-327 -329 0
-328 -329 0
331 332 333 334 335 336 337 338 339 0
-331 -332 0
-331 -333 0
-331 -334 0
-331 -335 0
-331 -336 0
-331 -337 0
-331 -338 0
-331 -339 0
-332 -333 0
-332 -334 0
-332 -335 0
-332 -336 0
-332 -337 0
-332 -338 0
-332 -339 0
-333 -334 0
-333 -335 0
-333 -336 0
-333 -337 0
-333 -338 0
-333 -339 0
-334 -335 0
-334 -336 0
-334 -337 0
-334 -338 0
-334 -339 0
-335 -336 0
-335 -337 0
-335 -338 0
-335 -339 0
-336 -337 0
-336 -338 0
-336 -339 0
-337 -338 0
-337 -339 0
-338 -339 0
341 342 343 344 345 346 347 348 349 0
-341 -342 0
-341 -343 0
-341 -344 0
-341 -345 0
-341 -346 0
-341 -347 0
-341 -348 0
-341 -349 0
-342 -343 0
-342 -344 0
-342 -345 0
-342 -346 0
-342 -347 0
-342 -348 0
-342 -349 0
-343 -344 0
-343 -345 0
-343 -346 0
-343 -347 0
-343 -348 0
-343 -349 0
-344 -345 0
-344 -346 0
-344 -347 0
-344 -348 0
-344 -349 0
-345 -346 0
-345 -347 0
-345 -348 0
-345 -349 0
-346 -347 0
-346 -348 0
-346 -349 0
-347 -348 0
-347 -349 0
-348 -349 0
351 352 353 354 355 356 357 358 359 0
-351 -352 0
-351 -353 0
-351 -354 0
-351 -355 0
-351 -356 0
-351 -357 0
-351 -358 0
-351 -359 0
-352 -353 0
-352 -354 0
-352 -355 0
-352 -356 0
-352 -357 0
-352 -358 0
-352 -359 0
-353 -354 0
-353 -355 0
-353 -356 0
-353 -357 0
-353 -358 0
-353 -359 0
-354 -355 0
-354 -356 0
-354 -357 0
-354 -358 0
-354 -359 0
-355 -356 0
-355 -357 0
-355 -358 0
-355 -359 0
-356 -357 0
-356 -358 0
-356 -359 0
-357 -358 0
-357 -359 0
-358 -359 0
371 372 373 374 375 376 377 378 379 0
-371 -372 0
-371 -373 0
-371 -374 0
-371 -375 0
-371 -376 0
-371 -377 0
-371 -378 0
-371 -379 0
-372 -373 0
-372 -374 0
-372 -375 0
-372 -376 0
-372 -377 0
-372 -378 0
-372 -379 0
-373 -374 0
-373 -375 0
-373 -376 0
-373 -377 0
-373 -378 0
-373 -379 0
-374 -375 0
-374 -376 0
-374 -377 0
-374 -378 0
-374 -379 0
-375 -376 0
-375 -377 0
-375 -378 0
-375 -379 0
-376 -377 0
-376 -378 0
-376 -379 0
-377 -378 0
-377 -379 0
-378 -379 0
421 422 423 424 425 426 427 428 429 0
-421 -422 0
-421 -423 0
-421 -424 0
-421 -425 0
-421 -426 0
-421 -427 0
-421 -428 0
-421 -429 0
-422 -423 0
-422 -424 0
-422 -425 0
-422 -426 0
-422 -427 0
-422 -428 0
-422 -429 0
-423 -424 0
-423 -425 0
-423 -426 0
-423 -427 0
-423 -428 0
-423 -429 0
-424 -425 0
-424 -426 0
-424 -427 0
-424 -428 0
-424 -429 0
-425 -426 0
-425 -427 0
-425 -428 0
-425 -429 0
-426 -427 0
-426 -428 0
-426 -429 0
-427 -428 0
-427 -429 0
-428 -429 0
431 432 433 434 435 436 437 438 439 0
-431 -432 0
-431 -433 0
-431 -434 0
-431 -435 0
-431 -436 0
-431 -437 0
-431 -438 0
-431 -439 0
-432 -433 0
-432 -434 0
-432 -435 0
-432 -436 0
-432 -437 0
-432 -438 0
-432 -439 0
-433 -434 0
-433 -435 0
-433 -436 0
-433 -437 0
-433 -438 0
-433 -439 0
-434 -435 0
-434 -436 0
-434 -437 0
-434 -438 0
-434 -439 0
-435 -436 0
-435 -437 0
-435 -438 0
-435 -439 0
-436 -437 0
-436 -438 0
-436 -439 0
-437 -438 0
-437 -439 0
-438 -439 0
451 452 453 454 455 456 457 458 459 0
-451 -452 0
-451 -453 0
-451 -454 0
-451 -455 0
-451 -456 0
-451 -457 0
-451 -458 0
-451 -459 0
-452 -453 0
-452 -454 0
-452 -455 0
-452 -456 0
-452 -457 0
-452 -458 0
-452 -459 0
-453 -454 0
-453 -455 0
-453 -456 0
-453 -457 0
-453 -458 0
-453 -459 0
-454 -455 0
-454 -456 0
-454 -457 0
-454 -458 0
-454 -459 0
-455 -456 0
-455 -457 0
-455 -458 0
-455 -459 0
-456 -457 0
-456 -458 0
-456 -459 0
-457 -458 0
-457 -459 0
-458 -459 0
461 462 463 464 465 466 467 468 469 0
-461 -462 0
-461 -463 0
-461 -464 0
-461 -465 0
-461 -466 0
-461 -467 0
-461 -468 0
-461 -469 0
-462 -463 0
-462 -464 0
-462 -465 0
-462 -466 0
-462 -467 0
-462 -468 0
-462 -469 0
-463 -464 0
-463 -465 0
-463 -466 0
-463 -467 0
-463 -468 0
-463 -469 0
-464 -465 0
-464 -466 0
-464 -467 0
-464 -468 0
-464 -469 0
-465 -466 0
-465 -467 0
-465 -468 0
-465 -469 0
-466 -467 0
-466 -468 0
-466 -469 0
-467 -468 0
-467 -469 0
-468 -469 0
471 472 473 474 475 476 477 478 479 0
-471 -472 0
-471 -473 0
-471 -474 0
-471 -475 0
-471 -476 0
-471 -477 0
-471 -478 0
-471 -479 0
-472 -473 0
-472 -474 0
-472 -475 0
-472 -476 0
-472 -477 0
-472 -478 0
-472 -479 0
-473 -474 0
-473 -475 0
-473 -476 0
-473 -477 0
-473 -478 0
-473 -479 0
-474 -475 0
-474 -476 0
-474 -477 0
-474 -478 0
-474 -479 0
-475 -476 0
-475 -477 0
-475 -478 0
-475 -479 0
-476 -477 0
-476 -478 0
-476 -479 0
-477 -478 0
-477 -479 0
-478 -479 0
511 512 513 514 515 516 517 518 519 0
-511 -512 0
-511 -513 0
-511 -514 0
-511 -515 0
-511 -516 0
-511 -517 0
-511 -518 0
-511 -519 0
-512 -513 0
-512 -514 0
-512 -515 0
-512 -516 0
-512 -517 0
-512 -518 0
-512 -519 0
-513 -514 0
-513 -515 0
-513 -516 0
-513 -517 0
-513 -518 0
-513 -519 0
-514 -515 0
-514 -516 0
-514 -517 0
-514 -518 0
-514 -519 0
-515 -516 0
-515 -517 0
-515 -518 0
-515 -519 0
-516 -517 0
-516 -518 0
-516 -519 0
-517 -518 0
-517 -519 0
-518 -519 0
531 532 533 534 535 536 537 538 539 0
-531 -532 0
-531 -533 0
-531 -534 0
-531 -535 0
-531 -536 0
-531 -537 0
-531 -538 0
-531 -539 0
-532 -533 0
-532 -534 0
-532 -535 0
-532 -536 0
-532 -537 0
-532 -538 0
-532 -539 0
-533 -534 0
-533 -535 0
-533 -536 0
-533 -537 0
-533 -538 0
-533 -539 0
-534 -535 0
-534 -536 0
-534 -537 0
-534 -538 0
-534 -539 0
-535 -536 0
-535 -537 0
-535 -538 0
-535 -539 0
-536 -537 0
-536 -538 0
-536 -539 0
-537 -538 0
-537 -539 0
-538 -539 0
541 542 543 544 545 546 547 548 549 0
-541 -542 0
-541 -543 0
-541 -544 0
-541 -545 0
-541 -546 0
-541 -547 0
-541 -548 0
-541 -549 0
-542 -543 0
-542 -544 0
-542 -545 0
-542 -546 0
-542 -547 0
-542 -548 0
-542 -549 0
-543 -544 0
-543 -545 0
-543 -546 0
-543 -547 0
-543 -548 0
-543 -549 0
-544 -545 0
-544 -546 0
-544 -547 0
-544 -548 0
-544 -549 0
-545 -546 0
-545 -547 0
-545 -548 0
-545 -549 0
-546 -547 0
-546 -548 0
-546 -549 0
-547 -548 0
-547 -549 0
-548 -549 0
551 552 553 554 555 556 557 558 559 0
-551 -552 0
-551 -553 0
-551 -554 0
-551 -555 0
-551 -556 0
-551 -557 0
-551 -558 0
-551 -559 0
-552 -553 0
-552 -554 0
-552 -555 0
-552 -556 0
-552 -557 0
-552 -558 0
-552 -559 0
-553 -554 0
-553 -555 0
-553 -556 0
-553 -557 0
-553 -558 0
-553 -559 0
-554 -555 0
-554 -556 0
-554 -557 0
-554 -558 0
-554 -559 0
-555 -556 0
-555 -557 0
-555 -558 0
-555 -559 0
-556 -557 0
-556 -558 0
-556 -559 0
-557 -558 0
-557 -559 0
-558 -559 0
561 562 563 564 565 566 567 568 569 0
-561 -562 0
-561 -563 0
-561 -564 0
-561 -565 0
-561 -566 0
-561 -567 0
-561 -568 0
-561 -569 0
-562 -563 0
-562 -564 0
-562 -565 0
-562 -566 0
-562 -567 0
-562 -568 0
-562 -569 0
-563 -564 0
-563 -565 0
-563 -566 0
-563 -567 0
-563 -568 0
-563 -569 0
-564 -565 0
-564 -566 0
-564 -567 0
-564 -568 0
-564 -569 0
-565 -566 0
-565 -567 0
-565 -568 0
-565 -569 0
-566 -567 0
-566 -568 0
-566 -569 0
-567 -568 0
-567 -569 0
-568 -569 0
571 572 573 574 575 576 577 578 579 0
-571 -572 0
-571 -573 0
-571 -574 0
-571 -575 0
-571 -576 0
-571 -577 0
-571 -578 0
-571 -579 0
-572 -573 0
-572 -574 0
-572 -575 0
-572 -576 0
-572 -577 0
-572 -578 0
-572 -579 0
-573 -574 0
-573 -575 0
-573 -576 0
-573 -577 0
-573 -578 0
-573 -579 0
-574 -575 0
-574 -576 0
-574 -577 0
-574 -578 0
-574 -579 0
-575 -576 0
-575 -577 0
-575 -578 0
-575 -579 0
-576 -577 0
-576 -578 0
-576 -579 0
-577 -578 0
-577 -579 0
-578 -579 0
591 592 593 594 595 596 597 598 599 0
-591 -592 0
-591 -593 0
-591 -594 0
-591 -595 0
-591 -596 0
-591 -597 0
-591 -598 0
-591 -599 0
-592 -593 0
-592 -594 0
-592 -595 0
-592 -596 0
-592 -597 0
-592 -598 0
-592 -599 0
-593 -594 0
-593 -595 0
-593 -596 0
-593 -597 0
-593 -598 0
-593 -599 0
-594 -595 0
-594 -596 0
-594 -597 0
-594 -598 0
-594 -599 0
-595 -596 0
-595 -597 0
-595 -598 0
-595 -599 0
-596 -597 0
-596 -598 0
-596 -599 0
-597 -598 0
-597 -599 0
-598 -599 0
631 632 633 634 635 636 637 638 639 0
-631 -632 0
-631 -633 0
-631 -634 0
-631 -635 0
-631 -636 0
-631 -637 0
-631 -638 0
-631 -639 0
-632 -633 0
-632 -634 0
-632 -635 0
-632 -636 0
-632 -637 0
-632 -638 0
-632 -639 0
-633 -634 0
-633 -635 0
-633 -636 0
-633 -637 0
-633 -638 0
-633 -639 0
-634 -635 0
-634 -636 0
-634 -637 0
-634 -638 0
-634 -639 0
-635 -636 0
-635 -637 0
-635 -638 0
-635 -639 0
-636 -637 0
-636 -638 0
-636 -639 0
-637 -638 0
-637 -639 0
-638 -639 0
641 642 643 644 645 646 647 648 649 0
-641 -642 0
-641 -643 0
-641 -644 0
-641 -645 0
-641 -646 0
-641 -647 0
-641 -648 0
-641 -649 0
-642 -643 0
-642 -644 0
-642 -645 0
-642 -646 0
-642 -647 0
-642 -648 0
-642 -649 0
-643 -644 0
-643 -645 0
-643 -646 0
-643 -647 0
-643 -648 0
-643 -649 0
-644 -645 0
-644 -646 0
-644 -647 0
-644 -648 0
-644 -649 0
-645 -646 0
-645 -647 0
-645 -648 0
-645 -649 0
-646 -647 0
-646 -648 0
-646 -649 0
-647 -648 0
-647 -649 0
-648 -649 0
651 652 653 654 655 656 657 658 659 0
-651 -652 0
-651 -653 0
-651 -654 0
-651 -655 0
-651 -656 0
-651 -657 0
-651 -658 0
-651 -659 0
-652 -653 0
-652 -654 0
-652 -655 0
-652 -656 0
-652 -657 0
-652 -658 0
-652 -659 0
-653 -654 0
-653 -655 0
-653 -656 0
-653 -657 0
-653 -658 0
-653 -659 0
-654 -655 0
-654 -656 0
-654 -657 0
-654 -658 0
-654 -659 0
-655 -656 0
-655 -657 0
-655 -658 0
-655 -659 0
-656 -657 0
-656 -658 0
-656 -659 0
-657 -658 0
-657 -659 0
-658 -659 0
671 672 673 674 675 676 677 678 679 0
-671 -672 0
-671 -673 0
-671 -674 0
-671 -675 0
-671 -676 0
-671 -677 0
-671 -678 0
-671 -679 0
-672 -673 0
-672 -674 0
-672 -675 0
-672 -676 0
-672 -677 0
-672 -678 0
-672 -679 0
-673 -674 0
-673 -675 0
-673 -676 0
-673 -677 0
-673 -678 0
-673 -679 0
-674 -675 0
-674 -676 0
-674 -677 0
-674 -678 0
-674 -679 0
-675 -676 0
-675 -677 0
-675 -678 0
-675 -679 0
-676 -677 0
-676 -678 0
-676 -679 0
-677 -678 0
-677 -679 0
-678 -679 0
681 682 683 684 685 686 687 688 689 0
-681 -682 0
-681 -683 0
-681 -684 0
-681 -685 0
-681 -686 0
-681 -687 0
-681 -688 0
-681 -689 0
-682 -683 0
-682 -684 0
-682 -685 0
-682 -686 0
-682 -687 0
-682 -688 0
-682 -689 0
-683 -684 0
-683 -685 0
-683 -686 0
-683 -687 0
-683 -688 0
-683 -689 0
-684 -685 0
-684 -686 0
-684 -687 0
-684 -688 0
-684 -689 0
-685 -686 0
-685 -687 0
-685 -688 0
-685 -689 0
-686 -687 0
-686 -688 0
-686 -689 0
-687 -688 0
-687 -689 0
-688 -689 0
731 732 733 734 735 736 737 738 739 0
-731 -732 0
-731 -733 0
-731 -734 0
-731 -735 0
-731 -736 0
-731 -737 0
-731 -738 0
-731 -739 0
-732 -733 0
-732 -734 0
-732 -735 0
-732 -736 0
-732 -737 0
-732 -738 0
-732 -739 0
-733 -734 0
-733 -735 0
-733 -736 0
-733 -737 0
-733 -738 0
-733 -739 0
-734 -735 0
-734 -736 0
-734 -737 0
-734 -738 0
-734 -739 0
-735 -736 0
-735 -737 0
-735 -738 0
-735 -739 0
-736 -737 0
-736 -738 0
-736 -739 0
-737 -738 0
-737 -739 0
-738 -739 0
751 752 753 754 755 756 757 758 759 0
-751 -752 0
-751 -753 0
-751 -754 0
-751 -755 0
-751 -756 0
-751 -757 0
-751 -758 0
-751 -759 0
-752 -753 0
-752 -754 0
-752 -755 0
-752 -756 0
-752 -757 0
-752 -758 0
-752 -759 0
-753 -754 0
-753 -755 0
-753 -756 0
-753 -757 0
-753 -758 0
-753 -759 0
-754 -755 0
-754 -756 0
-754 -757 0
-754 -758 0
-754 -759 0
-755 -756 0
-755 -757 0
-755 -758 0
-755 -759 0
-756 -757 0
-756 -758 0
-756 -759 0
-757 -758 0
-757 -759 0
-758 -759 0
761 762 763 764 765 766 767 768 769 0
-761 -762 0
-761 -763 0
-761 -764 0
-761 -765 0
-761 -766 0
-761 -767 0
-761 -768 0
-761 -769 0
-762 -763 0
-762 -764 0
-762 -765 0
-762 -766 0
-762 -767 0
-762 -768 0
-762 -769 0
-763 -764 0
-763 -765 0
-763 -766 0
-763 -767 0
-763 -768 0
-763 -769 0
-764 -765 0
-764 -766 0
-764 -767 0
-764 -768 0
-764 -769 0
-765 -766 0
-765 -767 0
-765 -768 0
-765 -769 0
-766 -767 0
-766 -768 0
-766 -769 0
-767 -768 0
-767 -769 0
-768 -769 0
771 772 773 774 775 776 777 778 779 0
-771 -772 0
-771 -773 0
-771 -774 0
-771 -775 0
-771 -776 0
-771 -777 0
-771 -778 0
-771 -779 0
-772 -773 0
-772 -774 0
-772 -775 0
-772 -776 0
-772 -777 0
-772 -778 0
-772 -779 0
-773 -774 0
-773 -775 0
-773 -776 0
-773 -777 0
-773 -778 0
-773 -779 0
-774 -775 0
-774 -776 0
-774 -777 0
-774 -778 0
-774 -779 0
-775 -776 0
-775 -777 0
-775 -778 0
-775 -779 0
-776 -777 0
-776 -778 0
-776 -779 0
-777 -778 0
-777 -779 0
-778 -779 0
781 782 783 784 785 786 787 788 789 0
-781 -782 0
-781 -783 0
-781 -784 0
-781 -785 0
-781 -786 0
-781 -787 0
-781 -788 0
-781 -789 0
-782 -783 0
-782 -784 0
-782 -785 0
-782 -786 0
-782 -787 0
-782 -788 0
-782 -789 0
-783 -784 0
-783 -785 0
-783 -786 0
-783 -787 0
-783 -788 0
-783 -789 0
-784 -785 0
-784 -786 0
-784 -787 0
-784 -788 0
-784 -789 0
-785 -786 0
-785 -787 0
-785 -788 0
-785 -789 0
-786 -787 0
-786 -788 0
-786 -789 0
-787 -788 0
-787 -789 0
-788 -789 0
811 812 813 814 815 816 817 818 819 0
-811 -812 0
-811 -813 0
-811 -814 0
-811 -815 0
-811 -816 0
-811 -817 0
-811 -818 0
-811 -819 0
-812 -813 0
-812 -814 0
-812 -815 0
-812 -816 0
-812 -817 0
-812 -818 0
-812 -819 0
-813 -814 0
-813 -815 0
-813 -816 0
-813 -817 0
-813 -818 0
-813 -819 0
-814 -815 0
-814 -816 0
-814 -817 0
-814 -818 0
-814 -819 0
-815 -816 0
-815 -817 0
-815 -818 0
-815 -819 0
-816 -817 0
-816 -818 0
-816 -819 0
-817 -818 0
-817 -819 0
-818 -819 0
831 832 833 834 835 836 837 838 839 0
-831 -832 0
-831 -833 0
-831 -834 0
-831 -835 0
-831 -836 0
-831 -837 0
-831 -838 0
-831 -839 0
-832 -833 0
-832 -834 0
-832 -835 0
-832 -836 0
-832 -837 0
-832 -838 0
-832 -839 0
-833 -834 0
-833 -835 0
-833 -836 0
-833 -837 0
-833 -838 0
-833 -839 0
-834 -835 0
-834 -836 0
-834 -837 0
-834 -838 0
-834 -839 0
-835 -836 0
-835 -837 0
-835 -838 0
-835 -839 0
-836 -837 0
-836 -838 0
-836 -839 0
-837 -838 0
-837 -839 0
-838 -839 0
841 842 843 844 845 846 847 848 849 0
-841 -842 0
-841 -843 0
-841 -844 0
-841 -845 0
-841 -846 0
-841 -847 0
-841 -848 0
-841 -849 0
-842 -843 0
-842 -844 0
-842 -845 0
-842 -846 0
-842 -847 0
-842 -848 0
-842 -849 0
-843 -844 0
-843 -845 0
-843 -846 0
-843 -847 0
-843 -848 0
-843 -849 0
-844 -845 0
-844 -846 0
-844 -847 0
-844 -848 0
-844 -849 0
-845 -846 0
-845 -847 0
-845 -848 0
-845 -849 0
-846 -847 0
-846 -848 0
-846 -849 0
-847 -848 0
-847 -849 0
-848 -849 0
861 862 863 864 865 866 867 868 869 0
-861 -862 0
-861 -863 0
-861 -864 0
-861 -865 0
-861 -866 0
-861 -867 0
-861 -868 0
-861 -869 0
-862 -863 0
-862 -864 0
-862 -865 0
-862 -866 0
-862 -867 0
-862 -868 0
-862 -869 0
-863 -864 0
-863 -865 0
-863 -866 0
-863 -867 0
-863 -868 0
-863 -869 0
-864 -865 0
-864 -866 0
-864 -867 0
-864 -868 0
-864 -869 0
-865 -866 0
-865 -867 0
-865 -868 0
-865 -869 0
-866 -867 0
-866 -868 0
-866 -869 0
-867 -868 0
-867 -869 0
-868 -869 0
871 872 873 874 875 876 877 878 879 0
-871 -872 0
-871 -873 0
-871 -874 0
-871 -875 0
-871 -876 0
-871 -877 0
-871 -878 0
-871 -879 0
-872 -873 0
-872 -874 0
-872 -875 0
-872 -876 0
-872 -877 0
-872 -878 0
-872 -879 0
-873 -874 0
-873 -875 0
-873 -876 0
-873 -877 0
-873 -878 0
-873 -879 0
-874 -875 0
-874 -876 0
-874 -877 0
-874 -878 0
-874 -879 0
-875 -876 0
-875 -877 0
-875 -878 0
-875 -879 0
-876 -877 0
-876 -878 0
-876 -879 0
-877 -878 0
-877 -879 0
-878 -879 0
881 882 883 884 885 886 887 888 889 0
-881 -882 0
-881 -883 0
-881 -884 0
-881 -885 0
-881 -886 0
-881 -887 0
-881 -888 0
-881 -889 0
-882 -883 0
-882 -884 0
-882 -885 0
-882 -886 0
-882 -887 0
-882 -888 0
-882 -889 0
-883 -884 0
-883 -885 0
-883 -886 0
-883 -887 0
-883 -888 0
-883 -889 0
-884 -885 0
-884 -886 0
-884 -887 0
-884 -888 0
-884 -889 0
-885 -886 0
-885 -887 0
-885 -888 0
-885 -889 0
-886 -887 0
-886 -888 0
-886 -889 0
-887 -888 0
-887 -889 0
-888 -889 0
891 892 893 894 895 896 897 898 899 0
-891 -892 0
-891 -893 0
-891 -894 0
-891 -895 0
-891 -896 0
-891 -897 0
-891 -898 0
-891 -899 0
-892 -893 0
-892 -894 0
-892 -895 0
-892 -896 0
-892 -897 0
-892 -898 0
-892 -899 0
-893 -894 0
-893 -895 0
-893 -896 0
-893 -897 0
-893 -898 0
-893 -899 0
-894 -895 0
-894 -896 0
-894 -897 0
-894 -898 0
-894 -899 0
-895 -896 0
-895 -897 0
-895 -898 0
-895 -899 0
-896 -897 0
-896 -898 0
-896 -899 0
-897 -898 0
-897 -899 0
-898 -899 0
921 922 923 924 925 926 927 928 929 0
-921 -922 0
-921 -923 0
-921 -924 0
-921 -925 0
-921 -926 0
-921 -927 0
-921 -928 0
-921 -929 0
-922 -923 0
-922 -924 0
-922 -925 0
-922 -926 0
-922 -927 0
-922 -928 0
-922 -929 0
-923 -924 0
-923 -925 0
-923 -926 0
-923 -927 0
-923 -928 0
-923 -929 0
-924 -925 0
-924 -926 0
-924 -927 0
-924 -928 0
-924 -929 0
-925 -926 0
-925 -927 0
-925 -928 0
-925 -929 0
-926 -927 0
-926 -928 0
-926 -929 0
-927 -928 0
-927 -929 0
-928 -929 0
931 932 933 934 935 936 937 938 939 0
-931 -932 0
-931 -933 0
-931 -934 0
-931 -935 0
-931 -936 0
-931 -937 0
-931 -938 0
-931 -939 0
-932 -933 0
-932 -934 0
-932 -935 0
-932 -936 0
-932 -937 0
-932 -938 0
-932 -939 0
-933 -934 0
-933 -935 0
-933 -936 0
-933 -937 0
-933 -938 0
-933 -939 0
-934 -935 0
-934 -936 0
-934 -937 0
-934 -938 0
-934 -939 0
-935 -936 0
-935 -937 0
-935 -938 0
-935 -939 0
-936 -937 0
-936 -938 0
-936 -939 0
-937 -938 0
-937 -939 0
-938 -939 0
941 942 943 944 945 946 947 948 949 0
-941 -942 0
-941 -943 0
-941 -944 0
-941 -945 0
-941 -946 0
-941 -947 0
-941 -948 0
-941 -949 0
-942 -943 0
-942 -944 0
-942 -945 0
-942 -946 0
-942 -947 0
-942 -948 0
-942 -949 0
-943 -944 0
-943 -945 0
-943 -946 0
-943 -947 0
-943 -948 0
-943 -949 0
-944 -945 0
-944 -946 0
-944 -947 0
-944 -948 0
-944 -949 0
-945 -946 0
-945 -947 0
-945 -948 0
-945 -949 0
-946 -947 0
-946 -948 0
-946 -949 0
-947 -948 0
-947 -949 0
-948 -949 0
971 972 973 974 975 976 977 978 979 0
-971 -972 0
-971 -973 0
-971 -974 0
-971 -975 0
-971 -976 0
-971 -977 0
-971 -978 0
-971 -979 0
-972 -973 0
-972 -974 0
-972 -975 0
-972 -976 0
-972 -977 0
-972 -978 0
-972 -979 0
-973 -974 0
-973 -975 0
-973 -976 0
-973 -977 0
-973 -978 0
-973 -979 0
-974 -975 0
-974 -976 0
-974 -977 0
-974 -978 0
-974 -979 0
-975 -976 0
-975 -977 0
-975 -978 0
-975 -979 0
-976 -977 0
-976 -978 0
-976 -979 0
-977 -978 0
-977 -979 0
-978 -979 0
981 982 983 984 985 986 987 988 989 0
-981 -982 0
-981 -983 0
-981 -984 0
-981 -985 0
-981 -986 0
-981 -987 0
-981 -988 0
-981 -989 0
-982 -983 0
-982 -984 0
-982 -985 0
-982 -986 0
-982 -987 0
-982 -988 0
-982 -989 0
-983 -984 0
-983 -985 0
-983 -986 0
-983 -987 0
-983 -988 0
-983 -989 0
-984 -985 0
-984 -986 0
-984 -987 0
-984 -988 0
-984 -989 0
-985 -986 0
-985 -987 0
-985 -988 0
-985 -989 0
-986 -987 0
-986 -988 0
-986 -989 0
-987 -988 0
-987 -989 0
-988 -989 0
991 992 993 994 995 996 997 998 999 0
-991 -992 0
-991 -993 0
-991 -994 0
-991 -995 0
-991 -996 0
-991 -997 0
-991 -998 0
-991 -999 0
-992 -993 0
-992 -994 0
-992 -995 0
-992 -996 0
-992 -997 0
-992 -998 0
-992 -999 0
-993 -994 0
-993 -995 0
-993 -996 0
-993 -997 0
-993 -998 0
-993 -999 0
-994 -995 0
-994 -996 0
-994 -997 0
-994 -998 0
-994 -999 0
-995 -996 0
-995 -997 0
-995 -998 0
-995 -999 0
-996 -997 0
-996 -998 0
-996 -999 0
-997 -998 0
-997 -999 0
-998 -999 0
-111 -121 0
-111 -131 0
-111 -151 0
-111 -161 0
-111 -171 0
-111 -181 0
-112 -122 0
-112 -132 0
-112 -162 0
-112 -172 0
-112 -182 0
-113 -123 0
-113 -133 0
-113 -163 0
-113 -173 0
-113 -183 0
-114 -124 0
-114 -134 0
-114 -164 0
-114 -174 0
-114 -184 0
-115 -125 0
-115 -135 0
-115 -165 0
-115 -175 0
-115 -185 0
-115 -195 0
-116 -126 0
-116 -136 0
-116 -166 0
-116 -176 0
-116 -186 0
-117 -127 0
-117 -137 0
-117 -167 0
-117 -177 0
-117 -187 0
-118 -128 0
-118 -138 0
-118 -148 0
-118 -168 0
-118 -178 0
-118 -188 0
-119 -129 0
-119 -139 0
-119 -169 0
-119 -179 0
-119 -189 0
-121 -131 0
-121 -151 0
-121 -161 0
-121 -171 0
-121 -181 0
-122 -132 0
-122 -162 0
-122 -172 0
-122 -182 0
-123 -133 0
-123 -163 0
-123 -173 0
-123 -183 0
-124 -134 0
-124 -164 0
-124 -174 0
-124 -184 0
-125 -135 0
-125 -165 0
-125 -175 0
-125 -185 0
-125 -195 0
-126 -136 0
-126 -166 0
-126 -176 0
-126 -186 0
-127 -137 0
-127 -167 0
-127 -177 0
-127 -187 0
-128 -138 0
-128 -148 0
-128 -168 0
-128 -178 0
-128 -188 0
-129 -139 0
-129 -169 0
-129 -179 0
-129 -189 0
-131 -151 0
-131 -161 0
-131 -171 0
-131 -181 0
-132 -162 0
-132 -172 0
-132 -182 0
-133 -163 0
-133 -173 0
-133 -183 0
-134 -164 0
-134 -174 0
-134 -184 0
-135 -165 0
-135 -175 0
-135 -185 0
-135 -195 0
-136 -166 0
-136 -176 0
-136 -186 0
-137 -167 0
-137 -177 0
-137 -187 0
-138 -148 0
-138 -168 0
-138 -178 0
-138 -188 0
-139 -169 0
-139 -179 0
-139 -189 0
-148 -168 0
-148 -178 0
-148 -188 0
-151 -161 0
-151 -171 0
-151 -181 0
-161 -171 0
-161 -181 0
-162 -172 0
-162 -182 0
-163 -173 0
-163 -183 0
-164 -174 0
-164 -184 0
-165 -175 0
-165 -185 0
-165 -195 0
-166 -176 0
-166 -186 0
-167 -177 0
-167 -187 0
-168 -178 0
-168 -188 0
-169 -179 0
-169 -189 0
-171 -181 0
-172 -182 0
-173 -183 0
-174 -184 0
-175 -185 0
-175 -195 0
-176 -186 0
-177 -187 0
-178 -188 0
-179 -189 0
-185 -195 0
-211 -221 0
-211 -231 0
-211 -241 0
-211 -261 0
-211 -271 0
-211 -291 0
-212 -222 0
-212 -232 0
-212 -242 0
-212 -252 0
-212 -262 0
-212 -272 0
-212 -292 0
-213 -223 0
-213 -233 0
-213 -243 0
-213 -263 0
-213 -273 0
-213 -283 0
-213 -293 0
-214 -224 0
-214 -234 0
-214 -244 0
-214 -264 0
-214 -274 0
-214 -294 0
-215 -225 0
-215 -235 0
-215 -245 0
-215 -265 0
-215 -275 0
-215 -295 0
-216 -226 0
-216 -236 0
-216 -246 0
-216 -266 0
-216 -276 0
-216 -296 0
-217 -227 0
-217 -237 0
-217 -247 0
-217 -267 0
-217 -277 0
-217 -297 0
-218 -228 0
-218 -238 0
-218 -248 0
-218 -268 0
-218 -278 0
-218 -298 0
-219 -229 0
-219 -239 0
-219 -249 0
-219 -269 0
-219 -279 0
-219 -299 0
-221 -231 0
-221 -241 0
-221 -261 0
-221 -271 0
-221 -291 0
-222 -232 0
-222 -242 0
-222 -252 0
-222 -262 0
-222 -272 0
-222 -292 0
-223 -233 0
-223 -243 0
-223 -263 0
-223 -273 0
-223 -283 0
-223 -293 0
-224 -234 0
-224 -244 0
-224 -264 0
-224 -274 0
-224 -294 0
-225 -235 0
-225 -245 0
-225 -265 0
-225 -275 0
-225 -295 0
-226 -236 0
-226 -246 0
-226 -266 0
-226 -276 0
-226 -296 0
-227 -237 0
-227 -247 0
-227 -267 0
-227 -277 0
-227 -297 0
-228 -238 0
-228 -248 0
-228 -268 0
-228 -278 0
-228 -298 0
-229 -239 0
-229 -249 0
-229 -269 0
-229 -279 0
-229 -299 0
-231 -241 0
-231 -261 0
-231 -271 0
-231 -291 0
-232 -242 0
-232 -252 0
-232 -262 0
-232 -272 0
-232 -292 0
-233 -243 0
-233 -263 0
-233 -273 0
-233 -283 0
-233 -293 0
-234 -244 0
-234 -264 0
-234 -274 0
-234 -294 0
-235 -245 0
-235 -265 0
-235 -275 0
-235 -295 0
-236 -246 0
-236 -266 0
-236 -276 0
-236 -296 0
-237 -247 0
-237 -267 0
-237 -277 0
-237 -297 0
-238 -248 0
-238 -268 0
-238 -278 0
-238 -298 0
-239 -249 0
-239 -269 0
-239 -279 0
-239 -299 0
-241 -261 0
-241 -271 0
-241 -291 0
-242 -252 0
-242 -262 0
-242 -272 0
-242 -292 0
-243 -263 0
-243 -273 0
-243 -283 0
-243 -293 0
-244 -264 0
-244 -274 0
-244 -294 0
-245 -265 0
-245 -275 0
-245 -295 0
-246 -266 0
-246 -276 0
-246 -296 0
-247 -267 0
-247 -277 0
-247 -297 0
-248 -268 0
-248 -278 0
-248 -298 0
-249 -269 0
-249 -279 0
-249 -299 0
-252 -262 0
-252 -272 0
-252 -292 0
-261 -271 0
-261 -291 0
-262 -272 0
-262 -292 0
-263 -273 0
-263 -283 0
-263 -293 0
-264 -274 0
-264 -294 0
-265 -275 0
-265 -295 0
-266 -276 0
-266 -296 0
-267 -277 0
-267 -297 0
-268 -278 0
-268 -298 0
-269 -279 0
-269 -299 0
-271 -291 0
-272 -292 0
-273 -283 0
-273 -293 0
-274 -294 0
-275 -295 0
-276 -296 0
-277 -297 0
-278 -298 0
-279 -299 0
-283 -293 0
-318 -328 0
-318 -338 0
-318 -348 0
-318 -358 0
-318 -378 0
-321 -331 0
-321 -341 0
-321 -351 0
-321 -371 0
-322 -332 0
-322 -342 0
-322 -352 0
-322 -372 0
-323 -333 0
-323 -343 0
-323 -353 0
-323 -373 0
-324 -334 0
-324 -344 0
-324 -354 0
-324 -374 0
-324 -384 0
-325 -335 0
-325 -345 0
-325 -355 0
-325 -365 0
-325 -375 0
-326 -336 0
-326 -346 0
-326 -356 0
-326 -376 0
-327 -337 0
-327 -347 0
-327 -357 0
-327 -377 0
-328 -338 0
-328 -348 0
-328 -358 0
-328 -378 0
-329 -339 0
-329 -349 0
-329 -359 0
-329 -379 0
-329 -399 0
-331 -341 0
-331 -351 0
-331 -371 0
-332 -342 0
-332 -352 0
-332 -372 0
-333 -343 0
-333 -353 0
-333 -373 0
-334 -344 0
-334 -354 0
-334 -374 0
-334 -384 0
-335 -345 0
-335 -355 0
-335 -365 0
-335 -375 0
-336 -346 0
-336 -356 0
-336 -376 0
-337 -347 0
-337 -357 0
-337 -377 0
-338 -348 0
-338 -358 0
-338 -378 0
-339 -349 0
-339 -359 0
-339 -379 0
-339 -399 0
-341 -351 0
-341 -371 0
-342 -352 0
-342 -372 0
-343 -353 0
-343 -373 0
-344 -354 0
-344 -374 0
-344 -384 0
-345 -355 0
-345 -365 0
-345 -375 0
-346 -356 0
-346 -376 0
-347 -357 0
-347 -377 0
-348 -358 0
-348 -378 0
-349 -359 0
-349 -379 0
-349 -399 0
-351 -371 0
-352 -372 0
-353 -373 0
-354 -374 0
-354 -384 0
-355 -365 0
-355 -375 0
-356 -376 0
-357 -377 0
-358 -378 0
-359 -379 0
-359 -399 0
-365 -375 0
-374 -384 0
-379 -399 0
-414 -424 0
-414 -434 0
-414 -454 0
-414 -464 0
-414 -474 0
-421 -431 0
-421 -441 0
-421 -451 0
-421 -461 0
-421 -471 0
-422 -432 0
-422 -452 0
-422 -462 0
-422 -472 0
-423 -433 0
-423 -453 0
-423 -463 0
-423 -473 0
-423 -493 0
-424 -434 0
-424 -454 0
-424 -464 0
-424 -474 0
-425 -435 0
-425 -455 0
-425 -465 0
-425 -475 0
-426 -436 0
-426 -456 0
-426 -466 0
-426 -476 0
-426 -486 0
-427 -437 0
-427 -457 0
-427 -467 0
-427 -477 0
-428 -438 0
-428 -458 0
-428 -468 0
-428 -478 0
-429 -439 0
-429 -459 0
-429 -469 0
-429 -479 0
-431 -441 0
-431 -451 0
-431 -461 0
-431 -471 0
-432 -452 0
-432 -462 0
-432 -472 0
-433 -453 0
-433 -463 0
-433 -473 0
-433 -493 0
-434 -454 0
-434 -464 0
-434 -474 0
-435 -455 0
-435 -465 0
-435 -475 0
-436 -456 0
-436 -466 0
-436 -476 0
-436 -486 0
-437 -457 0
-437 -467 0
-437 -477 0
-438 -458 0
-438 -468 0
-438 -478 0
-439 -459 0
-439 -469 0
-439 -479 0
-441 -451 0
-441 -461 0
-441 -471 0
-451 -461 0
-451 -471 0
-452 -462 0
-452 -472 0
-453 -463 0
-453 -473 0
-453 -493 0
-454 -464 0
-454 -474 0
-455 -465 0
-455 -475 0
-456 -466 0
-456 -476 0
-456 -486 0
-457 -467 0
-457 -477 0
-458 -468 0
-458 -478 0
-459 -469 0
-459 -479 0
-461 -471 0
-462 -472 0
-463 -473 0
-463 -493 0
-464 -474 0
-465 -475 0
-466 -476 0
-466 -486 0
-467 -477 0
-468 -478 0
-469 -479 0
-473 -493 0
-476 -486 0
-511 -531 0
-511 -541 0
-511 -551 0
-511 -561 0
-511 -571 0
-511 -591 0
-512 -522 0
-512 -532 0
-512 -542 0
-512 -552 0
-512 -562 0
-512 -572 0
-512 -592 0
-513 -533 0
-513 -543 0
-513 -553 0
-513 -563 0
-513 -573 0
-513 -593 0
-514 -534 0
-514 -544 0
-514 -554 0
-514 -564 0
-514 -574 0
-514 -594 0
-515 -535 0
-515 -545 0
-515 -555 0
-515 -565 0
-515 -575 0
-515 -595 0
-516 -536 0
-516 -546 0
-516 -556 0
-516 -566 0
-516 -576 0
-516 -596 0
-517 -537 0
-517 -547 0
-517 -557 0
-517 -567 0
-517 -577 0
-517 -597 0
-518 -538 0
-518 -548 0
-518 -558 0
-518 -568 0
-518 -578 0
-518 -598 0
-519 -539 0
-519 -549 0
-519 -559 0
-519 -569 0
-519 -579 0
-519 -589 0
-519 -599 0
-522 -532 0
-522 -542 0
-522 -552 0
-522 -562 0
-522 -572 0
-522 -592 0
-531 -541 0
-531 -551 0
-531 -561 0
-531 -571 0
-531 -591 0
-532 -542 0
-532 -552 0
-532 -562 0
-532 -572 0
-532 -592 0
-533 -543 0
-533 -553 0
-533 -563 0
-533 -573 0
-533 -593 0
-534 -544 0
-534 -554 0
-534 -564 0
-534 -574 0
-534 -594 0
-535 -545 0
-535 -555 0
-535 -565 0
-535 -575 0
-535 -595 0
-536 -546 0
-536 -556 0
-536 -566 0
-536 -576 0
-536 -596 0
-537 -547 0
-537 -557 0
-537 -567 0
-537 -577 0
-537 -597 0
-538 -548 0
-538 -558 0
-538 -568 0
-538 -578 0
-538 -598 0
-539 -549 0
-539 -559 0
-539 -569 0
-539 -579 0
-539 -589 0
-539 -599 0
-541 -551 0
-541 -561 0
-541 -571 0
-541 -591 0
-542 -552 0
-542 -562 0
-542 -572 0
-542 -592 0
-543 -553 0
-543 -563 0
-543 -573 0
-543 -593 0
-544 -554 0
-544 -564 0
-544 -574 0
-544 -594 0
-545 -555 0
-545 -565 0
-545 -575 0
-545 -595 0
-546 -556 0
-546 -566 0
-546 -576 0
-546 -596 0
-547 -557 0
-547 -567 0
-547 -577 0
-547 -597 0
-548 -558 0
-548 -568 0
-548 -578 0
-548 -598 0
-549 -559 0
-549 -569 0
-549 -579 0
-549 -589 0
-549 -599 0
-551 -561 0
-551 -571 0
-551 -591 0
-552 -562 0
-552 -572 0
-552 -592 0
-553 -563 0
-553 -573 0
-553 -593 0
-554 -564 0
-554 -574 0
-554 -594 0
-555 -565 0
-555 -575 0
-555 -595 0
-556 -566 0
-556 -576 0
-556 -596 0
-557 -567 0
-557 -577 0
-557 -597 0
-558 -568 0
-558 -578 0
-558 -598 0
-559 -569 0
-559 -579 0
-559 -589 0
-559 -599 0
-561 -571 0
-561 -591 0
-562 -572 0
-562 -592 0
-563 -573 0
-563 -593 0
-564 -574 0
-564 -594 0
-565 -575 0
-565 -595 0
-566 -576 0
-566 -596 0
-567 -577 0
-567 -597 0
-568 -578 0
-568 -598 0
-569 -579 0
-569 -589 0
-569 -599 0
-571 -591 0
-572 -592 0
-573 -593 0
-574 -594 0
-575 -595 0
-576 -596 0
-577 -597 0
-578 -598 0
-579 -589 0
-579 -599 0
-589 -599 0
-613 -633 0
-613 -643 0
-613 -653 0
-613 -673 0
-613 -683 0
-627 -637 0
-627 -647 0
-627 -657 0
-627 -677 0
-627 -687 0
-631 -641 0
-631 -651 0
-631 -671 0
-631 -681 0
-632 -642 0
-632 -652 0
-632 -662 0
-632 -672 0
-632 -682 0
-633 -643 0
-633 -653 0
-633 -673 0
-633 -683 0
-634 -644 0
-634 -654 0
-634 -674 0
-634 -684 0
-635 -645 0
-635 -655 0
-635 -675 0
-635 -685 0
-636 -646 0
-636 -656 0
-636 -676 0
-636 -686 0
-637 -647 0
-637 -657 0
-637 -677 0
-637 -687 0
-638 -648 0
-638 -658 0
-638 -678 0
-638 -688 0
-638 -698 0
-639 -649 0
-639 -659 0
-639 -679 0
-639 -689 0
-641 -651 0
-641 -671 0
-641 -681 0
-642 -652 0
-642 -662 0
-642 -672 0
-642 -682 0
-643 -653 0
-643 -673 0
-643 -683 0
-644 -654 0
-644 -674 0
-644 -684 0
-645 -655 0
-645 -675 0
-645 -685 0
-646 -656 0
-646 -676 0
-646 -686 0
-647 -657 0
-647 -677 0
-647 -687 0
-648 -658 0
-648 -678 0
-648 -688 0
-648 -698 0
-649 -659 0
-649 -679 0
-649 -689 0
-651 -671 0
-651 -681 0
-652 -662 0
-652 -672 0
-652 -682 0
-653 -673 0
-653 -683 0
-654 -674 0
-654 -684 0
-655 -675 0
-655 -685 0
-656 -676 0
-656 -686 0
-657 -677 0
-657 -687 0
-658 -678 0
-658 -688 0
-658 -698 0
-659 -679 0
-659 -689 0
-662 -672 0
-662 -682 0
-671 -681 0
-672 -682 0
-673 -683 0
-674 -684 0
-675 -685 0
-676 -686 0
-677 -687 0
-678 -688 0
-678 -698 0
-679 -689 0
-688 -698 0
-717 -737 0
-717 -757 0
-717 -767 0
-717 -777 0
-717 -787 0
-728 -738 0
-728 -758 0
-728 -768 0
-728 -778 0
-728 -788 0
-731 -751 0
-731 -761 0
-731 -771 0
-731 -781 0
-732 -742 0
-732 -752 0
-732 -762 0
-732 -772 0
-732 -782 0
-733 -753 0
-733 -763 0
-733 -773 0
-733 -783 0
-734 -754 0
-734 -764 0
-734 -774 0
-734 -784 0
-735 -755 0
-735 -765 0
-735 -775 0
-735 -785 0
-736 -756 0
-736 -766 0
-736 -776 0
-736 -786 0
-736 -796 0
-737 -757 0
-737 -767 0
-737 -777 0
-737 -787 0
-738 -758 0
-738 -768 0
-738 -778 0
-738 -788 0
-739 -759 0
-739 -769 0
-739 -779 0
-739 -789 0
-742 -752 0
-742 -762 0
-742 -772 0
-742 -782 0
-751 -761 0
-751 -771 0
-751 -781 0
-752 -762 0
-752 -772 0
-752 -782 0
-753 -763 0
-753 -773 0
-753 -783 0
-754 -764 0
-754 -774 0
-754 -784 0
-755 -765 0
-755 -775 0
-755 -785 0
-756 -766 0
-756 -776 0
-756 -786 0
-756 -796 0
-757 -767 0
-757 -777 0
-757 -787 0
-758 -768 0
-758 -778 0
-758 -788 0
-759 -769 0
-759 -779 0
-759 -789 0
-761 -771 0
-761 -781 0
-762 -772 0
-762 -782 0
-763 -773 0
-763 -783 0
-764 -774 0
-764 -784 0
-765 -775 0
-765 -785 0
-766 -776 0
-766 -786 0
-766 -796 0
-767 -777 0
-767 -787 0
-768 -778 0
-768 -788 0
-769 -779 0
-769 -789 0
-771 -781 0
-772 -782 0
-773 -783 0
-774 -784 0
-775 -785 0
-776 -786 0
-776 -796 0
-777 -787 0
-778 -788 0
-779 -789 0
-786 -796 0
-811 -831 0
-811 -841 0
-811 -861 0
-811 -871 0
-811 -881 0
-811 -891 0
-812 -832 0
-812 -842 0
-812 -862 0
-812 -872 0
-812 -882 0
-812 -892 0
-813 -833 0
-813 -843 0
-813 -863 0
-813 -873 0
-813 -883 0
-813 -893 0
-814 -824 0
-814 -834 0
-814 -844 0
-814 -864 0
-814 -874 0
-814 -884 0
-814 -894 0
-815 -835 0
-815 -845 0
-815 -855 0
-815 -865 0
-815 -875 0
-815 -885 0
-815 -895 0
-816 -836 0
-816 -846 0
-816 -866 0
-816 -876 0
-816 -886 0
-816 -896 0
-817 -837 0
-817 -847 0
-817 -867 0
-817 -877 0
-817 -887 0
-817 -897 0
-818 -838 0
-818 -848 0
-818 -868 0
-818 -878 0
-818 -888 0
-818 -898 0
-819 -839 0
-819 -849 0
-819 -869 0
-819 -879 0
-819 -889 0
-819 -899 0
-824 -834 0
-824 -844 0
-824 -864 0
-824 -874 0
-824 -884 0
-824 -894 0
-831 -841 0
-831 -861 0
-831 -871 0
-831 -881 0
-831 -891 0
-832 -842 0
-832 -862 0
-832 -872 0
-832 -882 0
-832 -892 0
-833 -843 0
-833 -863 0
-833 -873 0
-833 -883 0
-833 -893 0
-834 -844 0
-834 -864 0
-834 -874 0
-834 -884 0
-834 -894 0
-835 -845 0
-835 -855 0
-835 -865 0
-835 -875 0
-835 -885 0
-835 -895 0
-836 -846 0
-836 -866 0
-836 -876 0
-836 -886 0
-836 -896 0
-837 -847 0
-837 -867 0
-837 -877 0
-837 -887 0
-837 -897 0
-838 -848 0
-838 -868 0
-838 -878 0
-838 -888 0
-838 -898 0
-839 -849 0
-839 -869 0
-839 -879 0
-839 -889 0
-839 -899 0
-841 -861 0
-841 -871 0
-841 -881 0
-841 -891 0
-842 -862 0
-842 -872 0
-842 -882 0
-842 -892 0
-843 -863 0
-843 -873 0
-843 -883 0
-843 -893 0
-844 -864 0
-844 -874 0
-844 -884 0
-844 -894 0
-845 -855 0
-845 -865 0
-845 -875 0
-845 -885 0
-845 -895 0
-846 -866 0
-846 -876 0
-846 -886 0
-846 -896 0
-847 -867 0
-847 -877 0
-847 -887 0
-847 -897 0
-848 -868 0
-848 -878 0
-848 -888 0
-848 -898 0
-849 -869 0
-849 -879 0
-849 -889 0
-849 -899 0
-855 -865 0
-855 -875 0
-855 -885 0
-855 -895 0
-861 -871 0
-861 -881 0
-861 -891 0
-862 -872 0
-862 -882 0
-862 -892 0
-863 -873 0
-863 -883 0
-863 -893 0
-864 -874 0
-864 -884 0
-864 -894 0
-865 -875 0
-865 -885 0
-865 -895 0
-866 -876 0
-866 -886 0
-866 -896 0
-867 -877 0
-867 -887 0
-867 -897 0
-868 -878 0
-868 -888 0
-868 -898 0
-869 -879 0
-869 -889 0
-869 -899 0
-871 -881 0
-871 -891 0
-872 -882 0
-872 -892 0
-873 -883 0
-873 -893 0
-874 -884 0
-874 -894 0
-875 -885 0
-875 -895 0
-876 -886 0
-876 -896 0
-877 -887 0
-877 -897 0
-878 -888 0
-878 -898 0
-879 -889 0
-879 -899 0
-881 -891 0
-882 -892 0
-883 -893 0
-884 -894 0
-885 -895 0
-886 -896 0
-887 -897 0
-888 -898 0
-889 -899 0
-916 -926 0
-916 -936 0
-916 -946 0
-916 -976 0
-916 -986 0
-916 -996 0
-921 -931 0
-921 -941 0
-921 -971 0
-921 -981 0
-921 -991 0
-922 -932 0
-922 -942 0
-922 -972 0
-922 -982 0
-922 -992 0
-923 -933 0
-923 -943 0
-923 -973 0
-923 -983 0
-923 -993 0
-924 -934 0
-924 -944 0
-924 -974 0
-924 -984 0
-924 -994 0
-925 -935 0
-925 -945 0
-925 -975 0
-925 -985 0
-925 -995 0
-926 -936 0
-926 -946 0
-926 -976 0
-926 -986 0
-926 -996 0
-927 -937 0
-927 -947 0
-927 -977 0
-927 -987 0
-927 -997 0
-928 -938 0
-928 -948 0
-928 -968 0
-928 -978 0
-928 -988 0
-928 -998 0
-929 -939 0
-929 -949 0
-929 -959 0
-929 -979 0
-929 -989 0
-929 -999 0
-931 -941 0
-931 -971 0
-931 -981 0
-931 -991 0
-932 -942 0
-932 -972 0
-932 -982 0
-932 -992 0
-933 -943 0
-933 -973 0
-933 -983 0
-933 -993 0
-934 -944 0
-934 -974 0
-934 -984 0
-934 -994 0
-935 -945 0
-935 -975 0
-935 -985 0
-935 -995 0
-936 -946 0
-936 -976 0
-936 -986 0
-936 -996 0
-937 -947 0
-937 -977 0
-937 -987 0
-937 -997 0
-938 -948 0
-938 -968 0
-938 -978 0
-938 -988 0
-938 -998 0
-939 -949 0
-939 -959 0
-939 -979 0
-939 -989 0
-939 -999 0
-941 -971 0
-941 -981 0
-941 -991 0
-942 -972 0
-942 -982 0
-942 -992 0
-943 -973 0
-943 -983 0
-943 -993 0
-944 -974 0
-944 -984 0
-944 -994 0
-945 -975 0
-945 -985 0
-945 -995 0
-946 -976 0
-946 -986 0
-946 -996 0
-947 -977 0
-947 -987 0
-947 -997 0
-948 -968 0
-948 -978 0
-948 -988 0
-948 -998 0
-949 -959 0
-949 -979 0
-949 -989 0
-949 -999 0
-959 -979 0
-959 -989 0
-959 -999 0
-968 -978 0
-968 -988 0
-968 -998 0
-971 -981 0
-971 -991 0
-972 -982 0
-972 -992 0
-973 -983 0
-973 -993 0
-974 -984 0
-974 -994 0
-975 -985 0
-975 -995 0
-976 -986 0
-976 -996 0
-977 -987 0
-977 -997 0
-978 -988 0
-978 -998 0
-979 -989 0
-979 -999 0
-981 -991 0
-982 -992 0
-983 -993 0
-984 -994 0
-985 -995 0
-986 -996 0
-987 -997 0
-988 -998 0
-989 -999 0
-111 -211 0
-111 -511 0
-111 -811 0
-112 -212 0
-112 -512 0
-112 -812 0
-113 -213 0
-113 -513 0
-113 -613 0
-113 -813 0
-114 -214 0
-114 -414 0
-114 -514 0
-114 -814 0
-115 -215 0
-115 -515 0
-115 -815 0
-116 -216 0
-116 -516 0
-116 -816 0
-116 -916 0
-117 -217 0
-117 -517 0
-117 -717 0
-117 -817 0
-118 -218 0
-118 -318 0
-118 -518 0
-118 -818 0
-119 -219 0
-119 -519 0
-119 -819 0
-121 -221 0
-121 -321 0
-121 -421 0
-121 -921 0
-122 -222 0
-122 -322 0
-122 -422 0
-122 -522 0
-122 -922 0
-123 -223 0
-123 -323 0
-123 -423 0
-123 -923 0
-124 -224 0
-124 -324 0
-124 -424 0
-124 -824 0
-124 -924 0
-125 -225 0
-125 -325 0
-125 -425 0
-125 -925 0
-126 -226 0
-126 -326 0
-126 -426 0
-126 -926 0
-127 -227 0
-127 -327 0
-127 -427 0
-127 -627 0
-127 -927 0
-128 -228 0
-128 -328 0
-128 -428 0
-128 -728 0
-128 -928 0
-129 -229 0
-129 -329 0
-129 -429 0
-129 -929 0
-131 -231 0
-131 -331 0
-131 -431 0
-131 -531 0
-131 -631 0
-131 -731 0
-131 -831 0
-131 -931 0
-132 -232 0
-132 -332 0
-132 -432 0
-132 -532 0
-132 -632 0
-132 -732 0
-132 -832 0
-132 -932 0
-133 -233 0
-133 -333 0
-133 -433 0
-133 -533 0
-133 -633 0
-133 -733 0
-133 -833 0
-133 -933 0
-134 -234 0
-134 -334 0
-134 -434 0
-134 -534 0
-134 -634 0
-134 -734 0
-134 -834 0
-134 -934 0
-135 -235 0
-135 -335 0
-135 -435 0
-135 -535 0
-135 -635 0
-135 -735 0
-135 -835 0
-135 -935 0
-136 -236 0
-136 -336 0
-136 -436 0
-136 -536 0
-136 -636 0
-136 -736 0
-136 -836 0
-136 -936 0
-137 -237 0
-137 -337 0
-137 -437 0
-137 -537 0
-137 -637 0
-137 -737 0
-137 -837 0
-137 -937 0
-138 -238 0
-138 -338 0
-138 -438 0
-138 -538 0
-138 -638 0
-138 -738 0
-138 -838 0
-138 -938 0
-139 -239 0
-139 -339 0
-139 -439 0
-139 -539 0
-139 -639 0
-139 -739 0
-139 -839 0
-139 -939 0
-148 -248 0
-148 -348 0
-148 -548 0
-148 -648 0
-148 -848 0
-148 -948 0
-151 -351 0
-151 -451 0
-151 -551 0
-151 -651 0
-151 -751 0
-161 -261 0
-161 -461 0
-161 -561 0
-161 -761 0
-161 -861 0
-162 -262 0
-162 -462 0
-162 -562 0
-162 -662 0
-162 -762 0
-162 -862 0
-163 -263 0
-163 -463 0
-163 -563 0
-163 -763 0
-163 -863 0
-164 -264 0
-164 -464 0
-164 -564 0
-164 -764 0
-164 -864 0
-165 -265 0
-165 -365 0
-165 -465 0
-165 -565 0
-165 -765 0
-165 -865 0
-166 -266 0
-166 -466 0
-166 -566 0
-166 -766 0
-166 -866 0
-167 -267 0
-167 -467 0
-167 -567 0
-167 -767 0
-167 -867 0
-168 -268 0
-168 -468 0
-168 -568 0
-168 -768 0
-168 -868 0
-168 -968 0
-169 -269 0
-169 -469 0
-169 -569 0
-169 -769 0
-169 -869 0
-171 -271 0
-171 -371 0
-171 -471 0
-171 -571 0
-171 -671 0
-171 -771 0
-171 -871 0
-171 -971 0
-172 -272 0
-172 -372 0
-172 -472 0
-172 -572 0
-172 -672 0
-172 -772 0
-172 -872 0
-172 -972 0
-173 -273 0
-173 -373 0
-173 -473 0
-173 -573 0
-173 -673 0
-173 -773 0
-173 -873 0
-173 -973 0
-174 -274 0
-174 -374 0
-174 -474 0
-174 -574 0
-174 -674 0
-174 -774 0
-174 -874 0
-174 -974 0
-175 -275 0
-175 -375 0
-175 -475 0
-175 -575 0
-175 -675 0
-175 -775 0
-175 -875 0
-175 -975 0
-176 -276 0
-176 -376 0
-176 -476 0
-176 -576 0
-176 -676 0
-176 -776 0
-176 -876 0
-176 -976 0
-177 -277 0
-177 -377 0
-177 -477 0
-177 -577 0
-177 -677 0
-177 -777 0
-177 -877 0
-177 -977 0
-178 -278 0
-178 -378 0
-178 -478 0
-178 -578 0
-178 -678 0
-178 -778 0
-178 -878 0
-178 -978 0
-179 -279 0
-179 -379 0
-179 -479 0
-179 -579 0
-179 -679 0
-179 -779 0
-179 -879 0
-179 -979 0
-181 -681 0
-181 -781 0
-181 -881 0
-181 -981 0
-182 -682 0
-182 -782 0
-182 -882 0
-182 -982 0
-183 -283 0
-183 -683 0
-183 -783 0
-183 -883 0
-183 -983 0
-184 -384 0
-184 -684 0
-184 -784 0
-184 -884 0
-184 -984 0
-185 -685 0
-185 -785 0
-185 -885 0
-185 -985 0
-186 -486 0
-186 -686 0
-186 -786 0
-186 -886 0
-186 -986 0
-187 -687 0
-187 -787 0
-187 -887 0
-187 -987 0
-188 -688 0
-188 -788 0
-188 -888 0
-188 -988 0
-189 -589 0
-189 -689 0
-189 -789 0
-189 -889 0
-189 -989 0
-195 -295 0
-195 -595 0
-195 -895 0
-195 -995 0
-211 -511 0
-211 -811 0
-212 -512 0
-212 -812 0
-213 -513 0
-213 -613 0
-213 -813 0
-214 -414 0
-214 -514 0
-214 -814 0
-215 -515 0
-215 -815 0
-216 -516 0
-216 -816 0
-216 -916 0
-217 -517 0
-217 -717 0
-217 -817 0
-218 -318 0
-218 -518 0
-218 -818 0
-219 -519 0
-219 -819 0
-221 -321 0
-221 -421 0
-221 -921 0
-222 -322 0
-222 -422 0
-222 -522 0
-222 -922 0
-223 -323 0
-223 -423 0
-223 -923 0
-224 -324 0
-224 -424 0
-224 -824 0
-224 -924 0
-225 -325 0
-225 -425 0
-225 -925 0
-226 -326 0
-226 -426 0
-226 -926 0
-227 -327 0
-227 -427 0
-227 -627 0
-227 -927 0
-228 -328 0
-228 -428 0
-228 -728 0
-228 -928 0
-229 -329 0
-229 -429 0
-229 -929 0
-231 -331 0
-231 -431 0
-231 -531 0
-231 -631 0
-231 -731 0
-231 -831 0
-231 -931 0
-232 -332 0
-232 -432 0
-232 -532 0
-232 -632 0
-232 -732 0
-232 -832 0
-232 -932 0
-233 -333 0
-233 -433 0
-233 -533 0
-233 -633 0
-233 -733 0
-233 -833 0
-233 -933 0
-234 -334 0
-234 -434 0
-234 -534 0
-234 -634 0
-234 -734 0
-234 -834 0
-234 -934 0
-235 -335 0
-235 -435 0
-235 -535 0
-235 -635 0
-235 -735 0
-235 -835 0
-235 -935 0
-236 -336 0
-236 -436 0
-236 -536 0
-236 -636 0
-236 -736 0
-236 -836 0
-236 -936 0
-237 -337 0
-237 -437 0
-237 -537 0
-237 -637 0
-237 -737 0
-237 -837 0
-237 -937 0
-238 -338 0
-238 -438 0
-238 -538 0
-238 -638 0
-238 -738 0
-238 -838 0
-238 -938 0
-239 -339 0
-239 -439 0
-239 -539 0
-239 -639 0
-239 -739 0
-239 -839 0
-239 -939 0
-241 -341 0
-241 -441 0
-241 -541 0
-241 -641 0
-241 -841 0
-241 -941 0
-242 -342 0
-242 -542 0
-242 -642 0
-242 -742 0
-242 -842 0
-242 -942 0
-243 -343 0
-243 -543 0
-243 -643 0
-243 -843 0
-243 -943 0
-244 -344 0
-244 -544 0
-244 -644 0
-244 -844 0
-244 -944 0
-245 -345 0
-245 -545 0
-245 -645 0
-245 -845 0
-245 -945 0
-246 -346 0
-246 -546 0
-246 -646 0
-246 -846 0
-246 -946 0
-247 -347 0
-247 -547 0
-247 -647 0
-247 -847 0
-247 -947 0
-248 -348 0
-248 -548 0
-248 -648 0
-248 -848 0
-248 -948 0
-249 -349 0
-249 -549 0
-249 -649 0
-249 -849 0
-249 -949 0
-252 -352 0
-252 -452 0
-252 -552 0
-252 -652 0
-252 -752 0
-261 -461 0
-261 -561 0
-261 -761 0
-261 -861 0
-262 -462 0
-262 -562 0
-262 -662 0
-262 -762 0
-262 -862 0
-263 -463 0
-263 -563 0
-263 -763 0
-263 -863 0
-264 -464 0
-264 -564 0
-264 -764 0
-264 -864 0
-265 -365 0
-265 -465 0
-265 -565 0
-265 -765 0
-265 -865 0
-266 -466 0
-266 -566 0
-266 -766 0
-266 -866 0
-267 -467 0
-267 -567 0
-267 -767 0
-267 -867 0
-268 -468 0
-268 -568 0
-268 -768 0
-268 -868 0
-268 -968 0
-269 -469 0
-269 -569 0
-269 -769 0
-269 -869 0
-271 -371 0
-271 -471 0
-271 -571 0
-271 -671 0
-271 -771 0
-271 -871 0
-271 -971 0
-272 -372 0
-272 -472 0
-272 -572 0
-272 -672 0
-272 -772 0
-272 -872 0
-272 -972 0
-273 -373 0
-273 -473 0
-273 -573 0
-273 -673 0
-273 -773 0
-273 -873 0
-273 -973 0
-274 -374 0
-274 -474 0
-274 -574 0
-274 -674 0
-274 -774 0
-274 -874 0
-274 -974 0
-275 -375 0
-275 -475 0
-275 -575 0
-275 -675 0
-275 -775 0
-275 -875 0
-275 -975 0
-276 -376 0
-276 -476 0
-276 -576 0
-276 -676 0
-276 -776 0
-276 -876 0
-276 -976 0
-277 -377 0
-277 -477 0
-277 -577 0
-277 -677 0
-277 -777 0
-277 -877 0
-277 -977 0
-278 -378 0
-278 -478 0
-278 -578 0
-278 -678 0
-278 -778 0
-278 -878 0
-278 -978 0
-279 -379 0
-279 -479 0
-279 -579 0
-279 -679 0
-279 -779 0
-279 -879 0
-279 -979 0
-283 -683 0
-283 -783 0
-283 -883 0
-283 -983 0
-291 -591 0
-291 -891 0
-291 -991 0
-292 -592 0
-292 -892 0
-292 -992 0
-293 -493 0
-293 -593 0
-293 -893 0
-293 -993 0
-294 -594 0
-294 -894 0
-294 -994 0
-295 -595 0
-295 -895 0
-295 -995 0
-296 -596 0
-296 -796 0
-296 -896 0
-296 -996 0
-297 -597 0
-297 -897 0
-297 -997 0
-298 -598 0
-298 -698 0
-298 -898 0
-298 -998 0
-299 -399 0
-299 -599 0
-299 -899 0
-299 -999 0
-318 -518 0
-318 -818 0
-321 -421 0
-321 -921 0
-322 -422 0
-322 -522 0
-322 -922 0
-323 -423 0
-323 -923 0
-324 -424 0
-324 -824 0
-324 -924 0
-325 -425 0
-325 -925 0
-326 -426 0
-326 -926 0
-327 -427 0
-327 -627 0
-327 -927 0
-328 -428 0
-328 -728 0
-328 -928 0
-329 -429 0
-329 -929 0
-331 -431 0
-331 -531 0
-331 -631 0
-331 -731 0
-331 -831 0
-331 -931 0
-332 -432 0
-332 -532 0
-332 -632 0
-332 -732 0
-332 -832 0
-332 -932 0
-333 -433 0
-333 -533 0
-333 -633 0
-333 -733 0
-333 -833 0
-333 -933 0
-334 -434 0
-334 -534 0
-334 -634 0
-334 -734 0
-334 -834 0
-334 -934 0
-335 -435 0
-335 -535 0
-335 -635 0
-335 -735 0
-335 -835 0
-335 -935 0
-336 -436 0
-336 -536 0
-336 -636 0
-336 -736 0
-336 -836 0
-336 -936 0
-337 -437 0
-337 -537 0
-337 -637 0
-337 -737 0
-337 -837 0
-337 -937 0
-338 -438 0
-338 -538 0
-338 -638 0
-338 -738 0
-338 -838 0
-338 -938 0
-339 -439 0
-339 -539 0
-339 -639 0
-339 -739 0
-339 -839 0
-339 -939 0
-341 -441 0
-341 -541 0
-341 -641 0
-341 -841 0
-341 -941 0
-342 -542 0
-342 -642 0
-342 -742 0
-342 -842 0
-342 -942 0
-343 -543 0
-343 -643 0
-343 -843 0
-343 -943 0
-344 -544 0
-344 -644 0
-344 -844 0
-344 -944 0
-345 -545 0
-345 -645 0
-345 -845 0
-345 -945 0
-346 -546 0
-346 -646 0
-346 -846 0
-346 -946 0
-347 -547 0
-347 -647 0
-347 -847 0
-347 -947 0
-348 -548 0
-348 -648 0
-348 -848 0
-348 -948 0
-349 -549 0
-349 -649 0
-349 -849 0
-349 -949 0
-351 -451 0
-351 -551 0
-351 -651 0
-351 -751 0
-352 -452 0
-352 -552 0
-352 -652 0
-352 -752 0
-353 -453 0
-353 -553 0
-353 -653 0
-353 -753 0
-354 -454 0
-354 -554 0
-354 -654 0
-354 -754 0
-355 -455 0
-355 -555 0
-355 -655 0
-355 -755 0
-355 -855 0
-356 -456 0
-356 -556 0
-356 -656 0
-356 -756 0
-357 -457 0
-357 -557 0
-357 -657 0
-357 -757 0
-358 -458 0
-358 -558 0
-358 -658 0
-358 -758 0
-359 -459 0
-359 -559 0
-359 -659 0
-359 -759 0
-359 -959 0
-365 -465 0
-365 -565 0
-365 -765 0
-365 -865 0
-371 -471 0
-371 -571 0
-371 -671 0
-371 -771 0
-371 -871 0
-371 -971 0
-372 -472 0
-372 -572 0
-372 -672 0
-372 -772 0
-372 -872 0
-372 -972 0
-373 -473 0
-373 -573 0
-373 -673 0
-373 -773 0
-373 -873 0
-373 -973 0
-374 -474 0
-374 -574 0
-374 -674 0
-374 -774 0
-374 -874 0
-374 -974 0
-375 -475 0
-375 -575 0
-375 -675 0
-375 -775 0
-375 -875 0
-375 -975 0
-376 -476 0
-376 -576 0
-376 -676 0
-376 -776 0
-376 -876 0
-376 -976 0
-377 -477 0
-377 -577 0
-377 -677 0
-377 -777 0
-377 -877 0
-377 -977 0
-378 -478 0
-378 -578 0
-378 -678 0
-378 -778 0
-378 -878 0
-378 -978 0
-379 -479 0
-379 -579 0
-379 -679 0
-379 -779 0
-379 -879 0
-379 -979 0
-384 -684 0
-384 -784 0
-384 -884 0
-384 -984 0
-399 -599 0
-399 -899 0
-399 -999 0
-414 -514 0
-414 -814 0
-421 -921 0
-422 -522 0
-422 -922 0
-423 -923 0
-424 -824 0
-424 -924 0
-425 -925 0
-426 -926 0
-427 -627 0
-427 -927 0
-428 -728 0
-428 -928 0
-429 -929 0
-431 -531 0
-431 -631 0
-431 -731 0
-431 -831 0
-431 -931 0
-432 -532 0
-432 -632 0
-432 -732 0
-432 -832 0
-432 -932 0
-433 -533 0
-433 -633 0
-433 -733 0
-433 -833 0
-433 -933 0
-434 -534 0
-434 -634 0
-434 -734 0
-434 -834 0
-434 -934 0
-435 -535 0
-435 -635 0
-435 -735 0
-435 -835 0
-435 -935 0
-436 -536 0
-436 -636 0
-436 -736 0
-436 -836 0
-436 -936 0
-437 -537 0
-437 -637 0
-437 -737 0
-437 -837 0
-437 -937 0
-438 -538 0
-438 -638 0
-438 -738 0
-438 -838 0
-438 -938 0
-439 -539 0
-439 -639 0
-439 -739 0
-439 -839 0
-439 -939 0
-441 -541 0
-441 -641 0
-441 -841 0
-441 -941 0
-451 -551 0
-451 -651 0
-451 -751 0
-452 -552 0
-452 -652 0
-452 -752 0
-453 -553 0
-453 -653 0
-453 -753 0
-454 -554 0
-454 -654 0
-454 -754 0
-455 -555 0
-455 -655 0
-455 -755 0
-455 -855 0
-456 -556 0
-456 -656 0
-456 -756 0
-457 -557 0
-457 -657 0
-457 -757 0
-458 -558 0
-458 -658 0
-458 -758 0
-459 -559 0
-459 -659 0
-459 -759 0
-459 -959 0
-461 -561 0
-461 -761 0
-461 -861 0
-462 -562 0
-462 -662 0
-462 -762 0
-462 -862 0
-463 -563 0
-463 -763 0
-463 -863 0
-464 -564 0
-464 -764 0
-464 -864 0
-465 -565 0
-465 -765 0
-465 -865 0
-466 -566 0
-466 -766 0
-466 -866 0
-467 -567 0
-467 -767 0
-467 -867 0
-468 -568 0
-468 -768 0
-468 -868 0
-468 -968 0
-469 -569 0
-469 -769 0
-469 -869 0
-471 -571 0
-471 -671 0
-471 -771 0
-471 -871 0
-471 -971 0
-472 -572 0
-472 -672 0
-472 -772 0
-472 -872 0
-472 -972 0
-473 -573 0
-473 -673 0
-473 -773 0
-473 -873 0
-473 -973 0
-474 -574 0
-474 -674 0
-474 -774 0
-474 -874 0
-474 -974 0
-475 -575 0
-475 -675 0
-475 -775 0
-475 -875 0
-475 -975 0
-476 -576 0
-476 -676 0
-476 -776 0
-476 -876 0
-476 -976 0
-477 -577 0
-477 -677 0
-477 -777 0
-477 -877 0
-477 -977 0
-478 -578 0
-478 -678 0
-478 -778 0
-478 -878 0
-478 -978 0
-479 -579 0
-479 -679 0
-479 -779 0
-479 -879 0
-479 -979 0
-486 -686 0
-486 -786 0
-486 -886 0
-486 -986 0
-493 -593 0
-493 -893 0
-493 -993 0
-511 -811 0
-512 -812 0
-513 -613 0
-513 -813 0
-514 -814 0
-515 -815 0
-516 -816 0
-516 -916 0
-517 -717 0
-517 -817 0
-518 -818 0
-519 -819 0
-522 -922 0
-531 -631 0
-531 -731 0
-531 -831 0
-531 -931 0
-532 -632 0
-532 -732 0
-532 -832 0
-532 -932 0
-533 -633 0
-533 -733 0
-533 -833 0
-533 -933 0
-534 -634 0
-534 -734 0
-534 -834 0
-534 -934 0
-535 -635 0
-535 -735 0
-535 -835 0
-535 -935 0
-536 -636 0
-536 -736 0
-536 -836 0
-536 -936 0
-537 -637 0
-537 -737 0
-537 -837 0
-537 -937 0
-538 -638 0
-538 -738 0
-538 -838 0
-538 -938 0
-539 -639 0
-539 -739 0
-539 -839 0
-539 -939 0
-541 -641 0
-541 -841 0
-541 -941 0
-542 -642 0
-542 -742 0
-542 -842 0
-542 -942 0
-543 -643 0
-543 -843 0
-543 -943 0
-544 -644 0
-544 -844 0
-544 -944 0
-545 -645 0
-545 -845 0
-545 -945 0
-546 -646 0
-546 -846 0
-546 -946 0
-547 -647 0
-547 -847 0
-547 -947 0
-548 -648 0
-548 -848 0
-548 -948 0
-549 -649 0
-549 -849 0
-549 -949 0
-551 -651 0
-551 -751 0
-552 -652 0
-552 -752 0
-553 -653 0
-553 -753 0
-554 -654 0
-554 -754 0
-555 -655 0
-555 -755 0
-555 -855 0
-556 -656 0
-556 -756 0
-557 -657 0
-557 -757 0
-558 -658 0
-558 -758 0
-559 -659 0
-559 -759 0
-559 -959 0
-561 -761 0
-561 -861 0
-562 -662 0
-562 -762 0
-562 -862 0
-563 -763 0
-563 -863 0
-564 -764 0
-564 -864 0
-565 -765 0
-565 -865 0
-566 -766 0
-566 -866 0
-567 -767 0
-567 -867 0
-568 -768 0
-568 -868 0
-568 -968 0
-569 -769 0
-569 -869 0
-571 -671 0
-571 -771 0
-571 -871 0
-571 -971 0
-572 -672 0
-572 -772 0
-572 -872 0
-572 -972 0
-573 -673 0
-573 -773 0
-573 -873 0
-573 -973 0
-574 -674 0
-574 -774 0
-574 -874 0
-574 -974 0
-575 -675 0
-575 -775 0
-575 -875 0
-575 -975 0
-576 -676 0
-576 -776 0
-576 -876 0
-576 -976 0
-577 -677 0
-577 -777 0
-577 -877 0
-577 -977 0
-578 -678 0
-578 -778 0
-578 -878 0
-578 -978 0
-579 -679 0
-579 -779 0
-579 -879 0
-579 -979 0
-589 -689 0
-589 -789 0
-589 -889 0
-589 -989 0
-591 -891 0
-591 -991 0
-592 -892 0
-592 -992 0
-593 -893 0
-593 -993 0
-594 -894 0
-594 -994 0
-595 -895 0
-595 -995 0
-596 -796 0
-596 -896 0
-596 -996 0
-597 -897 0
-597 -997 0
-598 -698 0
-598 -898 0
-598 -998 0
-599 -899 0
-599 -999 0
-613 -813 0
-627 -927 0
-631 -731 0
-631 -831 0
-631 -931 0
-632 -732 0
-632 -832 0
-632 -932 0
-633 -733 0
-633 -833 0
-633 -933 0
-634 -734 0
-634 -834 0
-634 -934 0
-635 -735 0
-635 -835 0
-635 -935 0
-636 -736 0
-636 -836 0
-636 -936 0
-637 -737 0
-637 -837 0
-637 -937 0
-638 -738 0
-638 -838 0
-638 -938 0
-639 -739 0
-639 -839 0
-639 -939 0
-641 -841 0
-641 -941 0
-642 -742 0
-642 -842 0
-642 -942 0
-643 -843 0
-643 -943 0
-644 -844 0
-644 -944 0
-645 -845 0
-645 -945 0
-646 -846 0
-646 -946 0
-647 -847 0
-647 -947 0
-648 -848 0
-648 -948 0
-649 -849 0
-649 -949 0
-651 -751 0
-652 -752 0
-653 -753 0
-654 -754 0
-655 -755 0
-655 -855 0
-656 -756 0
-657 -757 0
-658 -758 0
-659 -759 0
-659 -959 0
-662 -762 0
-662 -862 0
-671 -771 0
-671 -871 0
-671 -971 0
-672 -772 0
-672 -872 0
-672 -972 0
-673 -773 0
-673 -873 0
-673 -973 0
-674 -774 0
-674 -874 0
-674 -974 0
-675 -775 0
-675 -875 0
-675 -975 0
-676 -776 0
-676 -876 0
-676 -976 0
-677 -777 0
-677 -877 0
-677 -977 0
-678 -778 0
-678 -878 0
-678 -978 0
-679 -779 0
-679 -879 0
-679 -979 0
-681 -781 0
-681 -881 0
-681 -981 0
-682 -782 0
-682 -882 0
-682 -982 0
-683 -783 0
-683 -883 0
-683 -983 0
-684 -784 0
-684 -884 0
-684 -984 0
-685 -785 0
-685 -885 0
-685 -985 0
-686 -786 0
-686 -886 0
-686 -986 0
-687 -787 0
-687 -887 0
-687 -987 0
-688 -788 0
-688 -888 0
-688 -988 0
-689 -789 0
-689 -889 0
-689 -989 0
-698 -898 0
-698 -998 0
-717 -817 0
-728 -928 0
-731 -831 0
-731 -931 0
-732 -832 0
-732 -932 0
-733 -833 0
-733 -933 0
-734 -834 0
-734 -934 0
-735 -835 0
-735 -935 0
-736 -836 0
-736 -936 0
-737 -837 0
-737 -937 0
-738 -838 0
-738 -938 0
-739 -839 0
-739 -939 0
-742 -842 0
-742 -942 0
-755 -855 0
-759 -959 0
-761 -861 0
-762 -862 0
-763 -863 0
-764 -864 0
-765 -865 0
-766 -866 0
-767 -867 0
-768 -868 0
-768 -968 0
-769 -869 0
-771 -871 0
-771 -971 0
-772 -872 0
-772 -972 0
-773 -873 0
-773 -973 0
-774 -874 0
-774 -974 0
-775 -875 0
-775 -975 0
-776 -876 0
-776 -976 0
-777 -877 0
-777 -977 0
-778 -878 0
-778 -978 0
-779 -879 0
-779 -979 0
-781 -881 0
-781 -981 0
-782 -882 0
-782 -982 0
-783 -883 0
-783 -983 0
-784 -884 0
-784 -984 0
-785 -885 0
-785 -985 0
-786 -886 0
-786 -986 0
-787 -887 0
-787 -987 0
-788 -888 0
-788 -988 0
-789 -889 0
-789 -989 0
-796 -896 0
-796 -996 0
-816 -916 0
-824 -924 0
-831 -931 0
-832 -932 0
-833 -933 0
-834 -934 0
-835 -935 0
-836 -936 0
-837 -937 0
-838 -938 0
-839 -939 0
-841 -941 0
-842 -942 0
-843 -943 0
-844 -944 0
-845 -945 0
-846 -946 0
-847 -947 0
-848 -948 0
-849 -949 0
-868 -968 0
-871 -971 0
-872 -972 0
-873 -973 0
-874 -974 0
-875 -975 0
-876 -976 0
-877 -977 0
-878 -978 0
-879 -979 0
-881 -981 0
-882 -982 0
-883 -983 0
-884 -984 0
-885 -985 0
-886 -986 0
-887 -987 0
-888 -988 0
-889 -989 0
-891 -991 0
-892 -992 0
-893 -993 0
-894 -994 0
-895 -995 0
-896 -996 0
-897 -997 0
-898 -998 0
-899 -999 0
-111 -221 0
-112 -222 0
-113 -223 0
-114 -224 0
-115 -225 0
-116 -226 0
-117 -227 0
-118 -228 0
-111 -231 0
-112 -232 0
-113 -233 0
-114 -234 0
-115 -235 0
-116 -236 0
-117 -237 0
-118 -238 0
-111 -321 0
-112 -322 0
-113 -323 0
-114 -324 0
-115 -325 0
-116 -326 0
-117 -327 0
-118 -328 0
-111 -331 0
-112 -332 0
-113 -333 0
-114 -334 0
-115 -335 0
-116 -336 0
-117 -337 0
-118 -338 0
-121 -231 0
-122 -232 0
-123 -233 0
-124 -234 0
-125 -235 0
-126 -236 0
-127 -237 0
-128 -238 0
-121 -331 0
-122 -332 0
-123 -333 0
-124 -334 0
-125 -335 0
-126 -336 0
-127 -337 0
-128 -338 0
-211 -321 0
-212 -322 0
-213 -323 0
-214 -324 0
-215 -325 0
-216 -326 0
-217 -327 0
-218 -328 0
-211 -331 0
-212 -332 0
-213 -333 0
-214 -334 0
-215 -335 0
-216 -336 0
-217 -337 0
-218 -338 0
-221 -331 0
-222 -332 0
-223 -333 0
-224 -334 0
-225 -335 0
-226 -336 0
-227 -337 0
-228 -338 0